
Contents in ele Array
0: 6
1: 7
2: 2
3: 1
4: 3
Contents in LIST tmp
6 7 2 1 3 
Contents in LIST tmp after adding 8
6 7 2 1 3 8 
Total No of Contents in LIST tmp: 6
2 is present in tmp
Contents in LIST tmp after deleting 3
6 7 2 1 8 
3 is not present in tmp
Contents in LIST tnp
6 7 2 1 8 

ID	NAME	TYPE	PO	IN#	OUT#	FANIN	FANOUT
1	101	1	0	0	2		113 114 
4	104	1	0	0	2		115 116 
7	107	1	0	0	2		117 118 
10	110	1	0	0	2		119 120 
13	113	1	0	0	2		121 122 
16	116	1	0	0	2		123 124 
19	119	1	0	0	2		125 126 
22	122	1	0	0	2		127 128 
25	125	1	0	0	2		129 130 
28	128	1	0	0	2		131 132 
31	131	1	0	0	2		133 134 
34	134	1	0	0	2		135 136 
37	137	1	0	0	2		137 138 
40	140	1	0	0	2		139 140 
43	143	1	0	0	2		141 142 
46	146	1	0	0	2		143 144 
49	210	1	0	0	3		145 146 147 
53	214	1	0	0	2		148 149 
56	217	1	0	0	3		150 151 152 
60	221	1	0	0	2		153 154 
63	224	1	0	0	2		155 156 
66	227	1	0	0	2		157 158 
69	234	1	0	0	2		161 162 
72	237	1	0	0	3		163 164 165 
76	469	1	0	0	2		166 167 
79	472	1	0	0	2		168 169 
82	475	1	0	0	2		170 171 
85	478	1	0	0	2		172 173 
88	898	1	0	0	2		159 176 
91	900	1	0	0	2		160 177 
94	902	1	0	0	4		178 179 180 181 
99	952	1	0	0	4		112 182 183 184 
104	953	1	0	0	7		174 175 185 186 187 188 189 
112	892	10	0	1	1	99 	2800 
113	102	10	0	1	1	1 	343 
114	103	10	0	1	1	1 	190 
115	105	10	0	1	1	4 	346 
116	106	10	0	1	1	4 	194 
117	108	10	0	1	1	7 	349 
118	109	10	0	1	1	7 	197 
119	111	10	0	1	1	10 	352 
120	112	10	0	1	1	10 	201 
121	114	10	0	1	1	13 	355 
122	115	10	0	1	1	13 	206 
123	117	10	0	1	1	16 	358 
124	118	10	0	1	1	16 	209 
125	120	10	0	1	1	19 	361 
126	121	10	0	1	1	19 	212 
127	123	10	0	1	1	22 	364 
128	124	10	0	1	1	22 	216 
129	126	10	0	1	1	25 	367 
130	127	10	0	1	1	25 	220 
131	129	10	0	1	1	28 	370 
132	130	10	0	1	1	28 	225 
133	132	10	0	1	1	31 	373 
134	133	10	0	1	1	31 	229 
135	135	10	0	1	1	34 	376 
136	136	10	0	1	1	34 	232 
137	138	10	0	1	1	37 	379 
138	139	10	0	1	1	37 	235 
139	141	10	0	1	1	40 	382 
140	142	10	0	1	1	40 	239 
141	144	10	0	1	1	43 	385 
142	145	10	0	1	1	43 	243 
143	147	10	0	1	1	46 	388 
144	148	10	0	1	1	46 	247 
145	211	10	0	1	1	49 	592 
146	212	10	0	1	1	49 	897 
147	213	10	0	1	1	49 	907 
148	215	10	0	1	1	53 	724 
149	216	10	0	1	1	53 	899 
150	218	10	0	1	1	56 	643 
151	219	10	0	1	1	56 	898 
152	220	10	0	1	1	56 	910 
153	222	10	0	1	1	60 	655 
154	223	10	0	1	1	60 	903 
155	225	10	0	1	1	63 	574 
156	226	10	0	1	1	63 	251 
157	228	10	0	1	1	66 	586 
158	229	10	0	1	1	66 	252 
159	230	10	0	1	1	88 	251 
160	232	10	0	1	1	91 	252 
161	235	10	0	1	1	69 	257 
162	236	10	0	1	1	69 	260 
163	238	10	0	1	1	72 	253 
164	239	10	0	1	1	72 	603 
165	240	10	0	1	1	72 	256 
166	470	10	0	1	1	76 	2815 
167	471	10	0	1	1	76 	263 
168	473	10	0	1	1	79 	2829 
169	474	10	0	1	1	79 	266 
170	476	10	0	1	1	82 	2818 
171	477	10	0	1	1	82 	269 
172	479	10	0	1	1	85 	2821 
173	480	10	0	1	1	85 	272 
174	858	10	0	1	1	104 	275 
175	861	10	0	1	1	104 	276 
176	899	10	0	1	1	88 	277 
177	901	10	0	1	1	91 	280 
178	903	10	0	1	1	94 	283 
179	904	10	0	1	1	94 	290 
180	905	10	0	1	1	94 	297 
181	906	10	0	1	1	94 	300 
182	925	10	0	1	1	99 	303 
183	929	10	0	1	1	99 	306 
184	931	10	0	1	1	99 	313 
185	933	10	0	1	1	104 	316 
186	937	10	0	1	1	104 	319 
187	942	10	0	1	1	104 	326 
188	946	10	0	1	1	104 	331 
189	948	10	0	1	1	104 	338 
190	149	9	0	1	3	114 	423 424 425 
194	153	9	0	1	2	116 	426 427 
197	156	9	0	1	3	118 	428 429 430 
201	160	9	0	1	4	120 	431 432 433 434 
206	165	9	0	1	2	122 	435 436 
209	168	9	0	1	2	124 	437 438 
212	171	9	0	1	3	126 	439 440 441 
216	175	9	0	1	3	128 	442 443 444 
220	179	9	0	1	4	130 	445 446 447 448 
225	184	9	0	1	3	132 	449 450 451 
229	188	9	0	1	2	134 	452 453 
232	191	9	0	1	2	136 	454 455 
235	194	9	0	1	3	138 	456 457 458 
239	198	9	0	1	3	140 	459 460 461 
243	202	9	0	1	3	142 	462 463 464 
247	206	9	0	1	3	144 	465 466 467 
251	231	3	0	2	1	156 159 	682 
252	233	3	0	2	1	158 160 	685 
253	241	9	0	1	2	163 	468 469 
256	244	9	0	1	1	165 	612 
257	245	8	0	1	2	161 	470 471 
260	248	8	0	1	2	162 	472 473 
263	517	9	0	1	2	167 	483 484 
266	529	9	0	1	2	169 	485 486 
269	541	9	0	1	2	171 	487 488 
272	553	9	0	1	2	173 	489 490 
275	859	9	0	1	1	174 	2773 
276	862	9	0	1	1	175 	2776 
277	907	9	0	1	2	176 	492 495 
280	909	9	0	1	2	177 	494 496 
283	911	8	0	1	6	178 	497 498 499 500 501 502 
290	918	9	0	1	6	179 	477 478 479 480 481 482 
297	919	8	0	1	2	180 	503 504 
300	922	9	0	1	2	181 	505 506 
303	926	8	0	1	2	182 	507 508 
306	930	9	0	1	6	183 	407 409 411 413 415 417 
313	932	9	0	1	2	184 	420 421 
316	934	8	0	1	2	185 	509 510 
319	938	9	0	1	6	186 	474 475 476 511 512 513 
326	943	8	0	1	4	187 	491 493 514 515 
331	947	8	0	1	6	188 	408 410 412 414 416 418 
338	949	9	0	1	4	189 	419 422 516 517 
343	1506	8	0	1	2	113 	391 518 
346	1514	8	0	1	2	115 	392 519 
349	1522	8	0	1	2	117 	393 520 
352	1530	8	0	1	2	119 	394 521 
355	1538	8	0	1	2	121 	395 522 
358	1546	8	0	1	2	123 	396 523 
361	1554	8	0	1	2	125 	397 524 
364	1562	8	0	1	2	127 	398 525 
367	1570	8	0	1	2	129 	399 526 
370	1578	8	0	1	2	131 	400 527 
373	1586	8	0	1	2	133 	401 528 
376	1594	8	0	1	2	135 	402 529 
379	1602	8	0	1	2	137 	403 530 
382	1610	8	0	1	2	139 	404 531 
385	1618	8	0	1	2	141 	405 532 
388	1626	8	0	1	2	143 	406 533 
391	1508	10	0	1	1	343 	2720 
392	1516	10	0	1	1	346 	2721 
393	1524	10	0	1	1	349 	2722 
394	1532	10	0	1	1	352 	2723 
395	1540	10	0	1	1	355 	2757 
396	1548	10	0	1	1	358 	2758 
397	1556	10	0	1	1	361 	2759 
398	1564	10	0	1	1	364 	2760 
399	1572	10	0	1	1	367 	2761 
400	1580	10	0	1	1	370 	2734 
401	1f1588	10	0	1	1	373 	2763 
402	1596	10	0	1	1	376 	2764 
403	1604	10	0	1	1	379 	2765 
404	1612	10	0	1	1	382 	2766 
405	1620	10	0	1	1	385 	2743 
406	1628	10	0	1	1	388 	2744 
407	839	10	0	1	1	306 	550 
408	840	10	0	1	1	331 	550 
409	841	10	0	1	1	306 	551 
410	842	10	0	1	1	331 	551 
411	843	10	0	1	1	306 	552 
412	844	10	0	1	1	331 	552 
413	845	10	0	1	1	306 	553 
414	846	10	0	1	1	331 	553 
415	847	10	0	1	1	306 	554 
416	848	10	0	1	1	331 	554 
417	849	10	0	1	1	306 	555 
418	850	10	0	1	1	331 	555 
419	888	10	0	1	1	338 	2384 
420	889	10	0	1	1	313 	2384 
421	890	10	0	1	1	313 	2384 
422	891	10	0	1	1	338 	2800 
423	150	10	0	1	1	190 	556 
424	151	10	0	1	1	190 	628 
425	152	10	0	1	1	190 	631 
426	154	10	0	1	1	194 	559 
427	155	10	0	1	1	194 	634 
428	157	10	0	1	1	197 	688 
429	158	10	0	1	1	197 	691 
430	159	10	0	1	1	197 	640 
431	161	10	0	1	1	201 	616 
432	162	10	0	1	1	201 	712 
433	163	10	0	1	1	201 	715 
434	164	10	0	1	1	201 	649 
435	166	10	0	1	1	206 	562 
436	167	10	0	1	1	206 	718 
437	169	10	0	1	1	209 	565 
438	170	10	0	1	1	209 	736 
439	172	10	0	1	1	212 	694 
440	173	10	0	1	1	212 	697 
441	174	10	0	1	1	212 	748 
442	176	10	0	1	1	216 	619 
443	177	10	0	1	1	216 	721 
444	178	10	0	1	1	216 	739 
445	180	10	0	1	1	220 	577 
446	181	10	0	1	1	220 	622 
447	182	10	0	1	1	220 	730 
448	183	10	0	1	1	220 	733 
449	185	10	0	1	1	225 	568 
450	186	10	0	1	1	225 	742 
451	187	10	0	1	1	225 	751 
452	189	10	0	1	1	229 	580 
453	190	10	0	1	1	229 	637 
454	192	10	0	1	1	232 	583 
455	193	10	0	1	1	232 	646 
456	195	10	0	1	1	235 	706 
457	196	10	0	1	1	235 	709 
458	197	10	0	1	1	235 	652 
459	199	10	0	1	1	239 	589 
460	200	10	0	1	1	239 	625 
461	201	10	0	1	1	239 	598 
462	203	10	0	1	1	243 	571 
463	204	10	0	1	1	243 	727 
464	205	10	0	1	1	243 	745 
465	207	10	0	1	1	247 	700 
466	208	10	0	1	1	247 	703 
467	209	10	0	1	1	247 	595 
468	242	10	0	1	1	253 	592 
469	243	10	0	1	1	253 	724 
470	246	10	0	1	1	257 	643 
471	247	10	0	1	1	257 	655 
472	249	10	0	1	1	260 	603 
473	250	10	0	1	1	260 	608 
474	317	10	0	1	1	319 	574 
475	351	10	0	1	1	319 	586 
476	368	10	0	1	1	319 	592 
477	432	10	0	1	1	290 	2078 
478	436	10	0	1	1	290 	2081 
479	440	10	0	1	1	290 	2062 
480	444	10	0	1	1	290 	1858 
481	448	10	0	1	1	290 	1802 
482	452	10	0	1	1	290 	1889 
483	518	10	0	1	1	263 	658 
484	519	10	0	1	1	263 	661 
485	530	10	0	1	1	266 	664 
486	531	10	0	1	1	266 	667 
487	542	10	0	1	1	269 	670 
488	543	10	0	1	1	269 	673 
489	554	10	0	1	1	272 	676 
490	555	10	0	1	1	272 	679 
491	851	10	0	1	1	326 	601 
492	852	10	0	1	1	277 	601 
493	854	10	0	1	1	326 	602 
494	855	10	0	1	1	280 	602 
495	908	10	0	1	1	277 	921 
496	910	10	0	1	1	280 	922 
497	912	10	0	1	1	283 	2812 
498	913	10	0	1	1	283 	2815 
499	914	10	0	1	1	283 	2829 
500	915	10	0	1	1	283 	2818 
501	916	10	0	1	1	283 	2821 
502	917	10	0	1	1	283 	2824 
503	920	10	0	1	1	297 	921 
504	921	10	0	1	1	297 	922 
505	923	10	0	1	1	300 	608 
506	924	10	0	1	1	300 	612 
507	927	10	0	1	1	303 	926 
508	928	10	0	1	1	303 	923 
509	935	10	0	1	1	316 	682 
510	936	10	0	1	1	316 	685 
511	939	10	0	1	1	319 	724 
512	940	10	0	1	1	319 	643 
513	941	10	0	1	1	319 	655 
514	944	10	0	1	1	326 	921 
515	945	10	0	1	1	326 	922 
516	950	10	0	1	1	338 	926 
517	951	10	0	1	1	338 	923 
518	1507	10	0	1	1	343 	534 
519	1515	10	0	1	1	346 	535 
520	1523	10	0	1	1	349 	536 
521	1531	10	0	1	1	352 	537 
522	1539	10	0	1	1	355 	538 
523	1547	10	0	1	1	358 	539 
524	1555	10	0	1	1	361 	540 
525	1563	10	0	1	1	364 	541 
526	1571	10	0	1	1	367 	542 
527	1579	10	0	1	1	370 	543 
528	1587	10	0	1	1	373 	544 
529	1595	10	0	1	1	376 	545 
530	1603	10	0	1	1	379 	546 
531	1611	10	0	1	1	382 	547 
532	1619	10	0	1	1	385 	548 
533	1627	10	0	1	1	388 	549 
534	1512	9	0	1	1	518 	2669 
535	1520	9	0	1	1	519 	2671 
536	1528	9	0	1	1	520 	2673 
537	1536	9	0	1	1	521 	2675 
538	1544	9	0	1	1	522 	2724 
539	1552	9	0	1	1	523 	2726 
540	1560	9	0	1	1	524 	2728 
541	1568	9	0	1	1	525 	2730 
542	1576	9	0	1	1	526 	2732 
543	1584	9	0	1	1	527 	2682 
544	1592	9	0	1	1	528 	2735 
545	1600	9	0	1	1	529 	2737 
546	1608	9	0	1	1	530 	2739 
547	1616	9	0	1	1	531 	2741 
548	1624	9	0	1	1	532 	2688 
549	1632	9	0	1	1	533 	2690 
550	50	3	0	2	1	407 408 	2886 
551	52	3	0	2	1	409 410 	2887 
552	56	3	0	2	1	411 412 	2899 
553	58	3	0	2	1	413 414 	2888 
554	62	3	0	2	1	415 416 	2889 
555	64	3	0	2	1	417 418 	2890 
556	251	8	0	1	2	423 	756 757 
559	254	8	0	1	2	426 	758 759 
562	288	8	0	1	2	435 	760 761 
565	291	8	0	1	2	437 	762 763 
568	299	8	0	1	2	449 	766 767 
571	302	8	0	1	2	462 	768 769 
574	318	2	0	2	2	155 474 	770 771 
577	321	8	0	1	2	445 	772 773 
580	327	8	0	1	2	452 	774 775 
583	330	8	0	1	2	454 	776 777 
586	352	2	0	2	2	157 475 	778 779 
589	355	8	0	1	2	459 	780 781 
592	369	2	0	3	2	145 468 476 	784 785 
595	382	8	0	1	2	467 	787 788 
598	385	8	0	1	2	461 	789 790 
601	853	3	0	2	1	491 492 	1965 
602	856	3	0	2	1	493 494 	1968 
603	893	3	0	2	4	472 164 	809 810 811 812 
608	954	3	0	2	3	473 505 	796 798 800 
612	955	3	0	2	3	256 506 	795 797 799 
616	1050	8	0	1	2	431 	765 817 
619	1053	8	0	1	2	442 	764 818 
622	1176	8	0	1	2	446 	783 825 
625	1179	8	0	1	2	460 	782 826 
628	1197	8	0	1	2	424 	827 828 
631	1207	8	0	1	2	425 	786 829 
634	1222	8	0	1	2	427 	830 831 
637	1244	8	0	1	2	453 	834 835 
640	1278	8	0	1	2	430 	840 841 
643	1290	2	0	3	2	150 470 512 	791 844 
646	1300	8	0	1	2	455 	845 846 
649	1312	8	0	1	2	434 	792 849 
652	1332	8	0	1	2	458 	794 852 
655	1335	2	0	3	2	153 471 513 	793 853 
658	1442	8	0	1	2	483 	802 854 
661	1450	8	0	1	2	484 	801 855 
664	1458	8	0	1	2	485 	804 856 
667	1466	8	0	1	2	486 	803 857 
670	1474	8	0	1	2	487 	806 858 
673	1482	8	0	1	2	488 	805 859 
676	1490	8	0	1	2	489 	808 860 
679	1498	8	0	1	2	490 	807 861 
682	1634	2	0	2	2	251 509 	754 862 
685	1644	2	0	2	2	252 510 	755 863 
688	1657	8	0	1	2	428 	813 864 
691	1665	8	0	1	2	429 	814 865 
694	1697	8	0	1	2	439 	815 866 
697	1705	8	0	1	2	440 	816 867 
700	1713	8	0	1	2	465 	819 868 
703	1721	8	0	1	2	466 	820 869 
706	1745	8	0	1	2	456 	821 870 
709	1753	8	0	1	2	457 	822 871 
712	1785	8	0	1	2	432 	823 872 
715	1793	8	0	1	2	433 	824 873 
718	1814	8	0	1	2	436 	833 874 
721	1817	8	0	1	2	443 	832 875 
724	1830	2	0	3	2	148 469 511 	837 876 
727	1833	8	0	1	2	463 	836 877 
730	1841	8	0	1	2	447 	838 878 
733	1849	8	0	1	2	448 	839 879 
736	1854	8	0	1	2	438 	843 880 
739	1857	8	0	1	2	444 	842 881 
742	1870	8	0	1	2	450 	848 882 
745	1873	8	0	1	2	464 	847 883 
748	1878	8	0	1	2	441 	851 884 
751	1881	8	0	1	2	451 	850 885 
754	1636	10	0	1	1	682 	2881 
755	1646	10	0	1	1	685 	2882 
756	252	10	0	1	1	556 	935 
757	253	10	0	1	1	556 	939 
758	255	10	0	1	1	559 	1010 
759	256	10	0	1	1	559 	1013 
760	289	10	0	1	1	562 	943 
761	290	10	0	1	1	562 	947 
762	292	10	0	1	1	565 	1016 
763	293	10	0	1	1	565 	1019 
764	1054	10	0	1	1	619 	1054 
765	1052	10	0	1	1	616 	1055 
766	300	10	0	1	1	568 	951 
767	301	10	0	1	1	568 	955 
768	303	10	0	1	1	571 	1022 
769	304	10	0	1	1	571 	1025 
770	319	10	0	1	1	574 	959 
771	320	10	0	1	1	574 	962 
772	322	10	0	1	1	577 	1028 
773	323	10	0	1	1	577 	1031 
774	328	10	0	1	1	580 	965 
775	329	10	0	1	1	580 	969 
776	331	10	0	1	1	583 	1034 
777	332	10	0	1	1	583 	1037 
778	353	10	0	1	1	586 	973 
779	354	10	0	1	1	586 	977 
780	356	10	0	1	1	589 	1040 
781	357	10	0	1	1	589 	1043 
782	1180	10	0	1	1	625 	1063 
783	1178	10	0	1	1	622 	1064 
784	370	10	0	1	1	592 	981 
785	371	10	0	1	1	592 	985 
786	1208	10	0	1	1	631 	1267 
787	383	10	0	1	1	595 	994 
788	384	10	0	1	1	595 	998 
789	386	10	0	1	1	598 	1046 
790	387	10	0	1	1	598 	1049 
791	1292	10	0	1	1	643 	1706 
792	1314	10	0	1	1	649 	1412 
793	1336	10	0	1	1	655 	1067 
794	1334	10	0	1	1	652 	1068 
795	456	10	0	1	1	612 	897 
796	458	10	0	1	1	608 	898 
797	481	10	0	1	1	612 	899 
798	486	10	0	1	1	608 	903 
799	491	10	0	1	1	612 	907 
800	504	10	0	1	1	608 	910 
801	1452	10	0	1	1	661 	2234 
802	1444	10	0	1	1	658 	2235 
803	1468	10	0	1	1	667 	2230 
804	1460	10	0	1	1	664 	2231 
805	1484	10	0	1	1	673 	2008 
806	1476	10	0	1	1	670 	2009 
807	1500	10	0	1	1	679 	1941 
808	1492	10	0	1	1	676 	1942 
809	894	10	0	1	1	603 	921 
810	895	10	0	1	1	603 	926 
811	896	10	0	1	1	603 	923 
812	897	10	0	1	1	603 	922 
813	1658	10	0	1	1	688 	1309 
814	1666	10	0	1	1	691 	1310 
815	1698	10	0	1	1	694 	1311 
816	1706	10	0	1	1	697 	1312 
817	1051	10	0	1	1	616 	888 
818	1055	10	0	1	1	619 	889 
819	1714	10	0	1	1	700 	1313 
820	1722	10	0	1	1	703 	1314 
821	1746	10	0	1	1	706 	1315 
822	1754	10	0	1	1	709 	1316 
823	1786	10	0	1	1	712 	1317 
824	1794	10	0	1	1	715 	1318 
825	1177	10	0	1	1	622 	890 
826	1181	10	0	1	1	625 	891 
827	1198	10	0	1	1	628 	1322 
828	1199	10	0	1	1	628 	984 
829	1209	10	0	1	1	631 	892 
830	1223	10	0	1	1	634 	990 
831	1224	10	0	1	1	634 	1433 
832	1818	10	0	1	1	721 	1119 
833	1816	10	0	1	1	718 	1120 
834	1245	10	0	1	1	637 	993 
835	1246	10	0	1	1	637 	1434 
836	1834	10	0	1	1	727 	1121 
837	1832	10	0	1	1	724 	1122 
838	1842	10	0	1	1	730 	1327 
839	1850	10	0	1	1	733 	1328 
840	1279	10	0	1	1	640 	1004 
841	1280	10	0	1	1	640 	1438 
842	1858	10	0	1	1	739 	1128 
843	1856	10	0	1	1	736 	1129 
844	1291	10	0	1	1	643 	893 
845	1301	10	0	1	1	646 	1007 
846	1302	10	0	1	1	646 	1439 
847	1874	10	0	1	1	745 	1130 
848	1872	10	0	1	1	742 	1131 
849	1313	10	0	1	1	649 	894 
850	1882	10	0	1	1	751 	1132 
851	1880	10	0	1	1	748 	1133 
852	1333	10	0	1	1	652 	895 
853	1337	10	0	1	1	655 	896 
854	1443	10	0	1	1	658 	914 
855	1451	10	0	1	1	661 	913 
856	1459	10	0	1	1	664 	916 
857	1467	10	0	1	1	667 	915 
858	1475	10	0	1	1	670 	918 
859	1483	10	0	1	1	673 	917 
860	1491	10	0	1	1	676 	920 
861	1499	10	0	1	1	679 	919 
862	1635	10	0	1	1	682 	886 
863	1645	10	0	1	1	685 	887 
864	1659	10	0	1	1	688 	938 
865	1667	10	0	1	1	691 	942 
866	1699	10	0	1	1	694 	946 
867	1707	10	0	1	1	697 	950 
868	1715	10	0	1	1	700 	954 
869	1723	10	0	1	1	703 	958 
870	1747	10	0	1	1	706 	968 
871	1755	10	0	1	1	709 	972 
872	1787	10	0	1	1	712 	976 
873	1795	10	0	1	1	715 	980 
874	1815	10	0	1	1	718 	988 
875	1819	10	0	1	1	721 	989 
876	1831	10	0	1	1	724 	991 
877	1835	10	0	1	1	727 	992 
878	1843	10	0	1	1	730 	997 
879	1851	10	0	1	1	733 	1001 
880	1855	10	0	1	1	736 	1002 
881	1859	10	0	1	1	739 	1003 
882	1871	10	0	1	1	742 	1005 
883	1875	10	0	1	1	745 	1006 
884	1879	10	0	1	1	748 	1008 
885	1883	10	0	1	1	751 	1009 
886	1642	9	0	1	1	862 	2871 
887	1652	9	0	1	1	863 	2873 
888	1056	9	0	1	1	817 	1054 
889	1057	9	0	1	1	818 	1055 
890	1182	9	0	1	1	825 	1063 
891	1183	9	0	1	1	826 	1064 
892	1211	9	0	1	1	829 	1160 
893	1298	9	0	1	1	844 	1671 
894	1320	9	0	1	1	849 	1345 
895	1338	9	0	1	1	852 	1067 
896	1339	9	0	1	1	853 	1068 
897	457	2	0	2	1	146 795 	2812 
898	459	2	0	2	1	151 796 	2824 
899	482	3	0	2	3	149 797 	1069 1070 1071 
903	487	3	0	2	3	154 798 	1072 1073 1074 
907	492	3	0	2	2	147 799 	1075 1076 
910	505	3	0	2	2	152 800 	1077 1078 
913	1456	9	0	1	1	855 	2226 
914	1448	9	0	1	1	854 	2228 
915	1472	9	0	1	1	857 	2214 
916	1464	9	0	1	1	856 	2216 
917	1488	9	0	1	1	859 	1975 
918	1480	9	0	1	1	858 	1977 
919	1504	9	0	1	1	861 	1919 
920	1496	9	0	1	1	860 	1921 
921	956	3	0	4	1	495 503 514 809 	1171 
922	967	3	0	4	1	496 504 515 812 	1188 
923	978	3	0	3	2	508 517 811 	1087 1088 
926	979	2	0	3	8	507 516 810 	1079 1080 1081 1082 1083 1084 1085 1086 
935	980	8	0	1	2	756 	1053 1089 
938	1661	9	0	1	1	864 	1206 
939	990	8	0	1	2	757 	1052 1091 
942	1669	9	0	1	1	865 	1208 
943	1030	8	0	1	2	760 	1056 1093 
946	1701	9	0	1	1	866 	1210 
947	1040	8	0	1	2	761 	1057 1095 
950	1709	9	0	1	1	867 	1212 
951	1058	8	0	1	2	766 	1059 1097 
954	1717	9	0	1	1	868 	1214 
955	1068	8	0	1	2	767 	1058 1099 
958	1725	9	0	1	1	869 	1216 
959	1078	8	0	1	2	770 	1101 1102 
962	1090	8	0	1	2	771 	1060 1104 
965	1100	8	0	1	2	774 	1106 1107 
968	1749	9	0	1	1	870 	1221 
969	1112	8	0	1	2	775 	1061 1109 
972	1757	9	0	1	1	871 	1224 
973	1154	8	0	1	2	778 	1111 1112 
976	1789	9	0	1	1	872 	1226 
977	1166	8	0	1	2	779 	1062 1114 
980	1797	9	0	1	1	873 	1229 
981	1194	8	0	1	2	784 	1116 1117 
984	1201	9	0	1	1	828 	1231 
985	1204	8	0	1	2	785 	1065 1118 
988	1820	9	0	1	1	874 	1119 
989	1821	9	0	1	1	875 	1120 
990	1230	9	0	1	1	830 	1387 
991	1836	9	0	1	1	876 	1121 
992	1837	9	0	1	1	877 	1122 
993	1252	9	0	1	1	834 	1389 
994	1256	8	0	1	2	787 	1123 1124 
997	1845	9	0	1	1	878 	1239 
998	1268	8	0	1	2	788 	1066 1126 
1001	1853	9	0	1	1	879 	1242 
1002	1860	9	0	1	1	880 	1128 
1003	1861	9	0	1	1	881 	1129 
1004	1286	9	0	1	1	840 	1397 
1005	1876	9	0	1	1	882 	1130 
1006	1877	9	0	1	1	883 	1131 
1007	1308	9	0	1	1	845 	1399 
1008	1884	9	0	1	1	884 	1132 
1009	1885	9	0	1	1	885 	1133 
1010	1654	8	0	1	2	758 	1090 1134 
1013	1662	8	0	1	2	759 	1092 1135 
1016	1694	8	0	1	2	762 	1094 1136 
1019	1702	8	0	1	2	763 	1096 1137 
1022	1710	8	0	1	2	768 	1098 1138 
1025	1718	8	0	1	2	769 	1100 1139 
1028	1726	8	0	1	2	772 	1103 1140 
1031	1734	8	0	1	2	773 	1105 1141 
1034	1742	8	0	1	2	776 	1108 1142 
1037	1750	8	0	1	2	777 	1110 1143 
1040	1782	8	0	1	2	780 	1113 1144 
1043	1790	8	0	1	2	781 	1115 1145 
1046	1838	8	0	1	2	789 	1125 1146 
1049	1846	8	0	1	2	790 	1127 1147 
1052	992	10	0	1	1	939 	1487 
1053	982	10	0	1	1	935 	1488 
1054	297	3	0	2	1	764 888 	1150 
1055	298	3	0	2	1	765 889 	1150 
1056	1032	10	0	1	1	943 	1489 
1057	1042	10	0	1	1	947 	1492 
1058	1070	10	0	1	1	955 	1493 
1059	1060	10	0	1	1	951 	1494 
1060	1092	10	0	1	1	962 	1825 
1061	1114	10	0	1	1	969 	1495 
1062	1168	10	0	1	1	977 	1496 
1063	361	3	0	2	1	782 890 	1158 
1064	362	3	0	2	1	783 891 	1158 
1065	1206	10	0	1	1	985 	1160 
1066	1270	10	0	1	1	998 	1498 
1067	404	3	0	2	1	793 895 	1162 
1068	405	3	0	2	1	794 896 	1162 
1069	483	10	0	1	1	899 	1163 
1070	484	10	0	1	1	899 	1164 
1071	485	10	0	1	1	899 	2279 
1072	488	10	0	1	1	903 	1167 
1073	489	10	0	1	1	903 	1168 
1074	490	10	0	1	1	903 	2279 
1075	493	10	0	1	1	907 	1252 
1076	494	10	0	1	1	907 	1255 
1077	506	10	0	1	1	910 	1258 
1078	507	10	0	1	1	910 	1261 
1079	870	10	0	1	1	926 	2627 
1080	872	10	0	1	1	926 	2628 
1081	874	10	0	1	1	926 	2629 
1082	876	10	0	1	1	926 	2630 
1083	878	10	0	1	1	926 	2631 
1084	880	10	0	1	1	926 	2632 
1085	882	10	0	1	1	926 	2633 
1086	884	10	0	1	1	926 	2634 
1087	957	10	0	1	1	923 	1171 
1088	968	10	0	1	1	923 	1188 
1089	981	10	0	1	1	935 	1149 
1090	1656	10	0	1	1	1010 	1206 
1091	991	10	0	1	1	939 	1148 
1092	1664	10	0	1	1	1013 	1208 
1093	1031	10	0	1	1	943 	1151 
1094	1696	10	0	1	1	1016 	1210 
1095	1041	10	0	1	1	947 	1152 
1096	1704	10	0	1	1	1019 	1212 
1097	1059	10	0	1	1	951 	1154 
1098	1712	10	0	1	1	1022 	1214 
1099	1069	10	0	1	1	955 	1153 
1100	1720	10	0	1	1	1025 	1216 
1101	1079	10	0	1	1	959 	1218 
1102	1080	10	0	1	1	959 	1837 
1103	1728	10	0	1	1	1028 	1712 
1104	1091	10	0	1	1	962 	1155 
1105	1736	10	0	1	1	1031 	1713 
1106	1101	10	0	1	1	965 	1222 
1107	1102	10	0	1	1	965 	1500 
1108	1744	10	0	1	1	1034 	1221 
1109	1113	10	0	1	1	969 	1156 
1110	1752	10	0	1	1	1037 	1224 
1111	1155	10	0	1	1	973 	1227 
1112	1156	10	0	1	1	973 	1501 
1113	1784	10	0	1	1	1040 	1226 
1114	1167	10	0	1	1	977 	1157 
1115	1792	10	0	1	1	1043 	1229 
1116	1195	10	0	1	1	981 	1230 
1117	1196	10	0	1	1	981 	1231 
1118	1205	10	0	1	1	985 	1159 
1119	1225	3	0	2	1	832 988 	1232 
1120	1226	3	0	2	1	833 989 	1232 
1121	1247	3	0	2	1	836 991 	1235 
1122	1248	3	0	2	1	837 992 	1235 
1123	1257	10	0	1	1	994 	1240 
1124	1258	10	0	1	1	994 	1504 
1125	1840	10	0	1	1	1046 	1239 
1126	1269	10	0	1	1	998 	1161 
1127	1848	10	0	1	1	1049 	1242 
1128	1281	3	0	2	1	842 1002 	1243 
1129	1282	3	0	2	1	843 1003 	1243 
1130	1303	3	0	2	1	847 1005 	1246 
1131	1304	3	0	2	1	848 1006 	1246 
1132	1315	3	0	2	1	850 1008 	1249 
1133	1316	3	0	2	1	851 1009 	1249 
1134	1655	10	0	1	1	1010 	1205 
1135	1663	10	0	1	1	1013 	1207 
1136	1695	10	0	1	1	1016 	1209 
1137	1703	10	0	1	1	1019 	1211 
1138	1711	10	0	1	1	1022 	1213 
1139	1719	10	0	1	1	1025 	1215 
1140	1727	10	0	1	1	1028 	1217 
1141	1735	10	0	1	1	1031 	1219 
1142	1743	10	0	1	1	1034 	1220 
1143	1751	10	0	1	1	1037 	1223 
1144	1783	10	0	1	1	1040 	1225 
1145	1791	10	0	1	1	1043 	1228 
1146	1839	10	0	1	1	1046 	1238 
1147	1847	10	0	1	1	1049 	1241 
1148	998	9	0	1	1	1091 	1443 
1149	988	9	0	1	1	1089 	1445 
1150	268	3	0	2	1	1054 1055 	1264 
1151	1038	9	0	1	1	1093 	1447 
1152	1048	9	0	1	1	1095 	1451 
1153	1076	9	0	1	1	1099 	1453 
1154	1066	9	0	1	1	1097 	1455 
1155	1098	9	0	1	1	1104 	1795 
1156	1120	9	0	1	1	1109 	1457 
1157	1174	9	0	1	1	1114 	1459 
1158	363	3	0	2	1	1063 1064 	1319 
1159	1210	9	0	1	1	1118 	1267 
1160	373	3	0	2	1	1065 892 	1344 
1161	1276	9	0	1	1	1126 	1462 
1162	406	3	0	2	1	1067 1068 	1334 
1163	565	9	0	1	1	1069 	2385 
1164	566	8	0	1	2	1070 	1273 1274 
1167	614	9	0	1	1	1072 	2426 
1168	615	8	0	1	2	1073 	1275 1276 
1171	958	3	0	2	16	921 1087 	1277 1278 1279 1280 1281 1282 1283 1284 1293 1294 1295 1296 1297 1298 1299 1300 
1188	969	3	0	2	16	922 1088 	1285 1286 1287 1288 1289 1290 1291 1292 1301 1302 1303 1304 1305 1306 1307 1308 
1205	1660	9	0	1	1	1134 	1309 
1206	984	3	0	2	1	1090 938 	1352 
1207	1668	9	0	1	1	1135 	1310 
1208	994	3	0	2	1	1092 942 	1355 
1209	1700	9	0	1	1	1136 	1311 
1210	1034	3	0	2	1	1094 946 	1358 
1211	1708	9	0	1	1	1137 	1312 
1212	1044	3	0	2	1	1096 950 	1361 
1213	1716	9	0	1	1	1138 	1313 
1214	1062	3	0	2	1	1098 954 	1364 
1215	1724	9	0	1	1	1139 	1314 
1216	1072	3	0	2	1	1100 958 	1367 
1217	1732	9	0	1	1	1140 	1678 
1218	1086	9	0	1	1	1101 	1808 
1219	1740	9	0	1	1	1141 	1680 
1220	1748	9	0	1	1	1142 	1315 
1221	1104	3	0	2	1	1108 968 	1370 
1222	1108	9	0	1	1	1106 	1469 
1223	1756	9	0	1	1	1143 	1316 
1224	1116	3	0	2	1	1110 972 	1373 
1225	1788	9	0	1	1	1144 	1317 
1226	1158	3	0	2	1	1113 976 	1376 
1227	1162	9	0	1	1	1111 	1471 
1228	1796	9	0	1	1	1145 	1318 
1229	1170	3	0	2	1	1115 980 	1379 
1230	1200	9	0	1	1	1116 	1322 
1231	1203	3	0	2	1	1117 984 	1383 
1232	1227	3	0	2	2	1119 1120 	1323 1324 
1235	1249	3	0	2	2	1121 1122 	1325 1326 
1238	1844	9	0	1	1	1146 	1327 
1239	1260	3	0	2	1	1125 997 	1390 
1240	1264	9	0	1	1	1123 	1476 
1241	1852	9	0	1	1	1147 	1328 
1242	1272	3	0	2	1	1127 1001 	1393 
1243	1283	3	0	2	2	1128 1129 	1329 1330 
1246	1305	3	0	2	2	1130 1131 	1331 1332 
1249	1317	3	0	2	2	1132 1133 	1268 1333 
1252	1410	8	0	1	2	1075 	1270 1337 
1255	1418	8	0	1	2	1076 	1269 1338 
1258	1426	8	0	1	2	1077 	1272 1339 
1261	1434	8	0	1	2	1078 	1271 1340 
1264	269	9	0	1	2	1150 	1341 1342 
1267	372	3	0	2	1	786 1159 	1344 
1268	1318	10	0	1	1	1249 	1345 
1269	1420	10	0	1	1	1255 	2232 
1270	1412	10	0	1	1	1252 	2233 
1271	1436	10	0	1	1	1261 	2024 
1272	1428	10	0	1	1	1258 	2025 
1273	567	10	0	1	1	1164 	2386 
1274	568	10	0	1	1	1164 	2266 
1275	616	10	0	1	1	1168 	2427 
1276	617	10	0	1	1	1168 	2272 
1277	775	10	0	1	1	1171 	2537 
1278	779	10	0	1	1	1171 	2540 
1279	783	10	0	1	1	1171 	2543 
1280	787	10	0	1	1	1171 	2546 
1281	791	10	0	1	1	1171 	2594 
1282	795	10	0	1	1	1171 	2597 
1283	799	10	0	1	1	1171 	2600 
1284	803	10	0	1	1	1171 	2603 
1285	807	10	0	1	1	1188 	2606 
1286	811	10	0	1	1	1188 	2549 
1287	815	10	0	1	1	1188 	2611 
1288	819	10	0	1	1	1188 	2614 
1289	823	10	0	1	1	1188 	2617 
1290	827	10	0	1	1	1188 	2620 
1291	831	10	0	1	1	1188 	2552 
1292	835	10	0	1	1	1188 	2555 
1293	959	10	0	1	1	1171 	2558 
1294	960	10	0	1	1	1171 	2561 
1295	961	10	0	1	1	1171 	2564 
1296	962	10	0	1	1	1171 	2567 
1297	963	10	0	1	1	1171 	2639 
1298	964	10	0	1	1	1171 	2642 
1299	965	10	0	1	1	1171 	2645 
1300	966	10	0	1	1	1171 	2648 
1301	970	10	0	1	1	1188 	2651 
1302	971	10	0	1	1	1188 	2570 
1303	972	10	0	1	1	1188 	2655 
1304	973	10	0	1	1	1188 	2658 
1305	974	10	0	1	1	1188 	2661 
1306	975	10	0	1	1	1188 	2664 
1307	976	10	0	1	1	1188 	2573 
1308	977	10	0	1	1	1188 	2576 
1309	983	3	0	2	1	813 1205 	1352 
1310	993	3	0	2	1	814 1207 	1355 
1311	1033	3	0	2	1	815 1209 	1358 
1312	1043	3	0	2	1	816 1211 	1361 
1313	1061	3	0	2	1	819 1213 	1364 
1314	1071	3	0	2	1	820 1215 	1367 
1315	1103	3	0	2	1	821 1220 	1370 
1316	1115	3	0	2	1	822 1223 	1373 
1317	1157	3	0	2	1	823 1225 	1376 
1318	1169	3	0	2	1	824 1228 	1379 
1319	1184	9	0	1	2	1158 	1343 1382 
1322	1202	3	0	2	1	827 1230 	1383 
1323	1228	10	0	1	1	1232 	1387 
1324	1229	10	0	1	1	1232 	1386 
1325	1250	10	0	1	1	1235 	1389 
1326	1251	10	0	1	1	1235 	1388 
1327	1259	3	0	2	1	838 1238 	1390 
1328	1271	3	0	2	1	839 1241 	1393 
1329	1284	10	0	1	1	1243 	1397 
1330	1285	10	0	1	1	1243 	1396 
1331	1306	10	0	1	1	1246 	1399 
1332	1307	10	0	1	1	1246 	1398 
1333	1319	10	0	1	1	1249 	1346 
1334	1322	9	0	1	2	1162 	1347 1400 
1337	1411	10	0	1	1	1252 	1349 
1338	1419	10	0	1	1	1255 	1348 
1339	1427	10	0	1	1	1258 	1351 
1340	1435	10	0	1	1	1261 	1350 
1341	270	10	0	1	1	1264 	1416 
1342	271	10	0	1	1	1264 	1419 
1343	1186	10	0	1	1	1319 	1852 
1344	374	3	0	2	1	1267 1160 	1440 
1345	396	3	0	2	1	1268 894 	1464 
1346	1321	9	0	1	1	1333 	1412 
1347	1324	10	0	1	1	1334 	1801 
1348	1424	9	0	1	1	1338 	2222 
1349	1416	9	0	1	1	1337 	2224 
1350	1440	9	0	1	1	1340 	2004 
1351	1432	9	0	1	1	1339 	2006 
1352	985	3	0	2	2	1309 1206 	1402 1414 
1355	995	3	0	2	2	1310 1208 	1401 1415 
1358	1035	3	0	2	2	1311 1210 	1403 1422 
1361	1045	3	0	2	2	1312 1212 	1404 1423 
1364	1063	3	0	2	2	1313 1214 	1406 1424 
1367	1073	3	0	2	2	1314 1216 	1405 1425 
1370	1105	3	0	2	2	1315 1221 	1426 1427 
1373	1117	3	0	2	2	1316 1224 	1407 1428 
1376	1159	3	0	2	2	1317 1226 	1429 1430 
1379	1171	3	0	2	2	1318 1229 	1408 1431 
1382	1185	10	0	1	1	1319 	1409 
1383	1212	3	0	2	2	1322 1231 	1410 1432 
1386	1231	9	0	1	1	1324 	1433 
1387	1232	3	0	2	1	1323 990 	1472 
1388	1253	9	0	1	1	1326 	1434 
1389	1254	3	0	2	1	1325 993 	1478 
1390	1261	3	0	2	2	1327 1239 	1435 1436 
1393	1273	3	0	2	2	1328 1242 	1411 1437 
1396	1287	9	0	1	1	1330 	1438 
1397	1288	3	0	2	1	1329 1004 	1484 
1398	1309	9	0	1	1	1332 	1439 
1399	1310	3	0	2	1	1331 1007 	1481 
1400	1323	10	0	1	1	1334 	1413 
1401	996	10	0	1	1	1355 	1443 
1402	986	10	0	1	1	1352 	1445 
1403	1036	10	0	1	1	1358 	1447 
1404	1046	10	0	1	1	1361 	1451 
1405	1074	10	0	1	1	1367 	1453 
1406	1064	10	0	1	1	1364 	1455 
1407	1118	10	0	1	1	1373 	1457 
1408	1172	10	0	1	1	1379 	1459 
1409	1192	9	0	1	1	1382 	1826 
1410	1214	10	0	1	1	1383 	2897 
1411	1274	10	0	1	1	1393 	1462 
1412	397	3	0	2	1	792 1346 	1464 
1413	1330	9	0	1	1	1400 	1772 
1414	987	10	0	1	1	1352 	1446 
1415	997	10	0	1	1	1355 	1444 
1416	1000	8	0	1	2	1341 	1450 1466 
1419	1010	8	0	1	2	1342 	1449 1467 
1422	1037	10	0	1	1	1358 	1448 
1423	1047	10	0	1	1	1361 	1452 
1424	1065	10	0	1	1	1364 	1456 
1425	1075	10	0	1	1	1367 	1454 
1426	1106	10	0	1	1	1370 	1469 
1427	1107	10	0	1	1	1370 	1468 
1428	1119	10	0	1	1	1373 	1458 
1429	1160	10	0	1	1	1376 	1471 
1430	1161	10	0	1	1	1376 	1470 
1431	1173	10	0	1	1	1379 	1460 
1432	1213	10	0	1	1	1383 	1461 
1433	1233	3	0	2	1	831 1386 	1472 
1434	1255	3	0	2	1	835 1388 	1478 
1435	1262	10	0	1	1	1390 	1476 
1436	1263	10	0	1	1	1390 	1475 
1437	1275	10	0	1	1	1393 	1463 
1438	1289	3	0	2	1	841 1396 	1484 
1439	1311	3	0	2	1	846 1398 	1481 
1440	1381	9	0	1	2	1344 	1465 1477 
1443	257	3	0	2	1	1401 1148 	1513 
1444	999	9	0	1	1	1415 	1487 
1445	260	3	0	2	1	1402 1149 	1514 
1446	989	9	0	1	1	1414 	1488 
1447	272	3	0	2	1	1403 1151 	1517 
1448	1039	9	0	1	1	1422 	1489 
1449	1012	10	0	1	1	1419 	1848 
1450	1002	10	0	1	1	1416 	1849 
1451	294	3	0	2	1	1404 1152 	1520 
1452	1049	9	0	1	1	1423 	1492 
1453	305	3	0	2	1	1405 1153 	1521 
1454	1077	9	0	1	1	1425 	1493 
1455	308	3	0	2	1	1406 1154 	1522 
1456	1067	9	0	1	1	1424 	1494 
1457	333	3	0	2	1	1407 1156 	1526 
1458	1121	9	0	1	1	1428 	1495 
1459	358	3	0	2	1	1408 1157 	1527 
1460	1175	9	0	1	1	1431 	1496 
1461	1220	9	0	1	1	1432 	2895 
1462	388	3	0	2	1	1411 1161 	1529 
1463	1277	9	0	1	1	1437 	1498 
1464	398	3	0	2	1	1345 1412 	1510 
1465	1382	10	0	1	1	1440 	2023 
1466	1001	10	0	1	1	1416 	1491 
1467	1011	10	0	1	1	1419 	1490 
1468	1109	9	0	1	1	1427 	1500 
1469	1110	3	0	2	1	1426 1222 	1537 
1470	1163	9	0	1	1	1430 	1501 
1471	1164	3	0	2	1	1429 1227 	1534 
1472	1234	3	0	2	2	1387 1433 	1497 1502 
1475	1265	9	0	1	1	1436 	1504 
1476	1266	3	0	2	1	1435 1240 	1540 
1477	1383	10	0	1	1	1440 	1499 
1478	1822	3	0	2	2	1389 1434 	1503 1507 
1481	1862	3	0	2	2	1399 1439 	1506 1508 
1484	1865	3	0	2	2	1397 1438 	1505 1509 
1487	258	3	0	2	1	1052 1444 	1513 
1488	261	3	0	2	1	1053 1446 	1514 
1489	273	3	0	2	1	1056 1448 	1517 
1490	1018	9	0	1	1	1467 	1821 
1491	1008	9	0	1	1	1466 	1823 
1492	295	3	0	2	1	1057 1452 	1520 
1493	306	3	0	2	1	1058 1454 	1521 
1494	309	3	0	2	1	1059 1456 	1522 
1495	334	3	0	2	1	1061 1458 	1526 
1496	359	3	0	2	1	1062 1460 	1527 
1497	1236	10	0	1	1	1472 	1769 
1498	389	3	0	2	1	1066 1463 	1529 
1499	1385	9	0	1	1	1477 	2003 
1500	1111	3	0	2	1	1107 1468 	1537 
1501	1165	3	0	2	1	1112 1470 	1534 
1502	1235	10	0	1	1	1472 	1528 
1503	1824	10	0	1	1	1478 	1636 
1504	1267	3	0	2	1	1124 1475 	1540 
1505	1866	10	0	1	1	1484 	1567 
1506	1864	10	0	1	1	1481 	1568 
1507	1823	10	0	1	1	1478 	1530 
1508	1863	10	0	1	1	1481 	1531 
1509	1867	10	0	1	1	1484 	1532 
1510	1886	9	0	1	2	1464 	1533 1543 
1513	259	3	0	2	1	1443 1487 	1546 
1514	262	3	0	2	2	1445 1488 	1544 1545 
1517	274	3	0	2	2	1447 1489 	1549 1550 
1520	296	3	0	2	1	1451 1492 	1561 
1521	307	3	0	2	1	1453 1493 	1554 
1522	310	3	0	2	3	1455 1494 	1551 1552 1553 
1526	335	3	0	2	1	1457 1495 	1557 
1527	360	3	0	2	1	1459 1496 	1571 
1528	1242	9	0	1	1	1502 	1740 
1529	390	3	0	2	1	1462 1498 	1576 
1530	1828	9	0	1	1	1507 	1594 
1531	1868	9	0	1	1	1508 	1567 
1532	1869	9	0	1	1	1509 	1568 
1533	1888	10	0	1	1	1510 	1688 
1534	1373	3	0	2	2	1471 1501 	1564 1570 
1537	1798	3	0	2	2	1469 1500 	1565 1574 
1540	1825	3	0	2	2	1476 1504 	1566 1575 
1543	1887	10	0	1	1	1510 	1569 
1544	263	10	0	1	1	1514 	1612 
1545	264	10	0	1	1	1514 	1615 
1546	265	9	0	1	2	1513 	1579 1580 
1549	275	10	0	1	1	1517 	1600 
1550	276	10	0	1	1	1517 	1603 
1551	311	10	0	1	1	1522 	1606 
1552	312	10	0	1	1	1522 	1609 
1553	313	10	0	1	1	1522 	1588 
1554	314	9	0	1	2	1521 	1581 1582 
1557	336	9	0	1	3	1526 	1583 1584 1585 
1561	407	9	0	1	2	1520 	1586 1587 
1564	1374	10	0	1	1	1534 	2039 
1565	1800	10	0	1	1	1537 	1759 
1566	1826	10	0	1	1	1540 	1594 
1567	1293	3	0	2	1	1505 1531 	1596 
1568	1294	3	0	2	1	1506 1532 	1596 
1569	1892	9	0	1	1	1543 	1638 
1570	1375	10	0	1	1	1534 	1591 
1571	1777	9	0	1	2	1527 	1592 1618 
1574	1799	10	0	1	1	1537 	1593 
1575	1827	10	0	1	1	1540 	1595 
1576	1889	9	0	1	2	1529 	1599 1619 
1579	266	10	0	1	1	1546 	1647 
1580	267	10	0	1	1	1546 	1651 
1581	315	10	0	1	1	1554 	1623 
1582	316	10	0	1	1	1554 	1658 
1583	337	10	0	1	1	1557 	1620 
1584	338	10	0	1	1	1557 	1661 
1585	339	10	0	1	1	1557 	1664 
1586	408	10	0	1	1	1561 	1640 
1587	409	10	0	1	1	1561 	1643 
1588	410	8	0	1	2	1553 	1627 1628 
1591	1377	9	0	1	1	1570 	2022 
1592	1778	10	0	1	1	1571 	2037 
1593	1804	9	0	1	1	1574 	1720 
1594	1237	3	0	2	1	1566 1530 	1685 
1595	1829	9	0	1	1	1575 	1636 
1596	1295	3	0	2	2	1567 1568 	1626 1637 
1599	1890	10	0	1	1	1576 	1638 
1600	1670	8	0	1	2	1549 	1629 1646 
1603	1678	8	0	1	2	1550 	1630 1650 
1606	1729	8	0	1	2	1551 	1631 1654 
1609	1737	8	0	1	2	1552 	1632 1655 
1612	1761	8	0	1	2	1544 	1633 1656 
1615	1769	8	0	1	2	1545 	1634 1657 
1618	1779	10	0	1	1	1571 	1635 
1619	1891	10	0	1	1	1576 	1639 
1620	340	8	0	1	2	1583 	1667 1668 
1623	343	8	0	1	2	1581 	1669 1670 
1626	1296	10	0	1	1	1596 	1671 
1627	411	10	0	1	1	1588 	1697 
1628	412	10	0	1	1	1588 	1701 
1629	1672	10	0	1	1	1600 	1746 
1630	1680	10	0	1	1	1603 	1747 
1631	1730	10	0	1	1	1606 	1678 
1632	1738	10	0	1	1	1609 	1680 
1633	1762	10	0	1	1	1612 	1809 
1634	1770	10	0	1	1	1615 	1810 
1635	1781	9	0	1	1	1618 	2016 
1636	1238	3	0	2	1	1503 1595 	1685 
1637	1297	10	0	1	1	1596 	1672 
1638	1325	3	0	2	1	1599 1569 	1723 
1639	1893	9	0	1	1	1619 	1688 
1640	1340	8	0	1	2	1586 	1689 1690 
1643	1352	8	0	1	2	1587 	1673 1692 
1646	1671	10	0	1	1	1600 	1675 
1647	1673	8	0	1	2	1579 	1674 1694 
1650	1679	10	0	1	1	1603 	1677 
1651	1681	8	0	1	2	1580 	1676 1695 
1654	1731	10	0	1	1	1606 	1679 
1655	1739	10	0	1	1	1609 	1681 
1656	1763	10	0	1	1	1612 	1682 
1657	1771	10	0	1	1	1615 	1683 
1658	1801	8	0	1	2	1582 	1684 1696 
1661	1897	8	0	1	2	1584 	1691 1700 
1664	1905	8	0	1	2	1585 	1693 1704 
1667	341	10	0	1	1	1620 	1714 
1668	342	10	0	1	1	1620 	1717 
1669	344	10	0	1	1	1623 	1731 
1670	345	10	0	1	1	1623 	1734 
1671	391	3	0	2	1	1626 893 	1742 
1672	1299	9	0	1	1	1637 	1706 
1673	1354	10	0	1	1	1643 	1885 
1674	1674	10	0	1	1	1647 	1708 
1675	1676	9	0	1	1	1646 	1708 
1676	1682	10	0	1	1	1651 	1710 
1677	1684	9	0	1	1	1650 	1710 
1678	1081	3	0	2	1	1631 1217 	1748 
1679	1733	9	0	1	1	1654 	1712 
1680	1093	3	0	2	1	1632 1219 	1751 
1681	1741	9	0	1	1	1655 	1713 
1682	1765	9	0	1	1	1656 	1784 
1683	1773	9	0	1	1	1657 	1787 
1684	1802	10	0	1	1	1658 	1720 
1685	1239	3	0	2	2	1594 1636 	1705 1722 
1688	1326	3	0	2	1	1533 1639 	1723 
1689	1341	10	0	1	1	1640 	1728 
1690	1342	10	0	1	1	1640 	1897 
1691	1898	10	0	1	1	1661 	1791 
1692	1353	10	0	1	1	1643 	1707 
1693	1906	10	0	1	1	1664 	1792 
1694	1675	10	0	1	1	1647 	1709 
1695	1683	10	0	1	1	1651 	1711 
1696	1803	10	0	1	1	1658 	1721 
1697	1894	8	0	1	2	1627 	1726 1737 
1700	1899	10	0	1	1	1661 	1727 
1701	1902	8	0	1	2	1628 	1729 1738 
1704	1907	10	0	1	1	1664 	1730 
1705	1240	10	0	1	1	1685 	1740 
1706	392	3	0	2	1	791 1672 	1742 
1707	1360	9	0	1	1	1692 	1855 
1708	1003	3	0	2	1	1674 1675 	1774 
1709	1677	9	0	1	1	1694 	1746 
1710	1013	3	0	2	1	1676 1677 	1777 
1711	1685	9	0	1	1	1695 	1747 
1712	1082	3	0	2	1	1103 1679 	1748 
1713	1094	3	0	2	1	1105 1681 	1751 
1714	1122	8	0	1	2	1667 	1754 1755 
1717	1134	8	0	1	2	1668 	1739 1757 
1720	1187	3	0	2	1	1684 1593 	1788 
1721	1805	9	0	1	1	1696 	1759 
1722	1241	10	0	1	1	1685 	1741 
1723	1327	3	0	2	2	1638 1688 	1745 1760 
1726	1896	10	0	1	1	1697 	1762 
1727	1901	9	0	1	1	1700 	1762 
1728	1348	9	0	1	1	1689 	1865 
1729	1904	10	0	1	1	1701 	1764 
1730	1909	9	0	1	1	1704 	1764 
1731	1758	8	0	1	2	1669 	1756 1765 
1734	1766	8	0	1	2	1670 	1758 1766 
1737	1895	10	0	1	1	1697 	1761 
1738	1903	10	0	1	1	1701 	1763 
1739	1136	10	0	1	1	1717 	1911 
1740	377	3	0	2	1	1705 1528 	1798 
1741	1243	9	0	1	1	1722 	1769 
1742	393	3	0	2	2	1671 1706 	1770 1771 
1745	1328	10	0	1	1	1723 	1772 
1746	1004	3	0	2	1	1629 1709 	1774 
1747	1014	3	0	2	1	1630 1711 	1777 
1748	1083	3	0	2	2	1678 1712 	1780 1781 
1751	1095	3	0	2	2	1680 1713 	1767 1782 
1754	1123	10	0	1	1	1714 	1785 
1755	1124	10	0	1	1	1714 	1924 
1756	1760	10	0	1	1	1731 	1784 
1757	1135	10	0	1	1	1717 	1768 
1758	1768	10	0	1	1	1734 	1787 
1759	1188	3	0	2	1	1565 1721 	1788 
1760	1329	10	0	1	1	1723 	1773 
1761	1900	9	0	1	1	1737 	1791 
1762	1344	3	0	2	1	1726 1727 	1812 
1763	1908	9	0	1	1	1738 	1792 
1764	1356	3	0	2	1	1729 1730 	1815 
1765	1759	10	0	1	1	1731 	1783 
1766	1767	10	0	1	1	1734 	1786 
1767	1096	10	0	1	1	1751 	1795 
1768	1142	9	0	1	1	1757 	1882 
1769	378	3	0	2	1	1497 1741 	1798 
1770	394	10	0	1	1	1742 	1818 
1771	395	10	0	1	1	1742 	1802 
1772	399	3	0	2	1	1745 1413 	1830 
1773	1331	9	0	1	1	1760 	1801 
1774	1005	3	0	2	2	1708 1746 	1794 1805 
1777	1015	3	0	2	2	1710 1747 	1793 1806 
1780	1084	10	0	1	1	1748 	1808 
1781	1085	10	0	1	1	1748 	1807 
1782	1097	10	0	1	1	1751 	1796 
1783	1764	9	0	1	1	1765 	1809 
1784	1126	3	0	2	1	1756 1682 	1838 
1785	1130	9	0	1	1	1754 	1896 
1786	1772	9	0	1	1	1766 	1810 
1787	1138	3	0	2	1	1758 1683 	1841 
1788	1189	3	0	2	2	1720 1759 	1797 1811 
1791	1343	3	0	2	1	1691 1761 	1812 
1792	1355	3	0	2	1	1693 1763 	1815 
1793	1016	10	0	1	1	1777 	1821 
1794	1006	10	0	1	1	1774 	1823 
1795	324	3	0	2	1	1767 1155 	1850 
1796	1099	9	0	1	1	1782 	1825 
1797	1190	10	0	1	1	1788 	1826 
1798	379	3	0	2	2	1740 1769 	1828 1829 
1801	400	3	0	2	1	1347 1773 	1830 
1802	449	3	0	2	2	1771 481 	1835 1836 
1805	1007	10	0	1	1	1774 	1824 
1806	1017	10	0	1	1	1777 	1822 
1807	1087	9	0	1	1	1781 	1837 
1808	1088	3	0	2	1	1780 1218 	1875 
1809	1125	3	0	2	1	1633 1783 	1838 
1810	1137	3	0	2	1	1634 1786 	1841 
1811	1191	10	0	1	1	1788 	1827 
1812	1345	3	0	2	2	1791 1762 	1844 1845 
1815	1357	3	0	2	2	1792 1764 	1833 1846 
1818	1397	8	0	1	2	1770 	1834 1847 
1821	277	3	0	2	1	1793 1490 	1878 
1822	1019	9	0	1	1	1806 	1848 
1823	280	3	0	2	1	1794 1491 	1879 
1824	1009	9	0	1	1	1805 	1849 
1825	325	3	0	2	1	1060 1796 	1850 
1826	364	3	0	2	1	1797 1409 	1884 
1827	1193	9	0	1	1	1811 	1852 
1828	380	10	0	1	1	1798 	1866 
1829	381	10	0	1	1	1798 	1858 
1830	401	3	0	2	2	1772 1801 	1853 1854 
1833	1358	10	0	1	1	1815 	1855 
1834	1398	10	0	1	1	1818 	2869 
1835	450	10	0	1	1	1802 	1869 
1836	451	10	0	1	1	1802 	1872 
1837	1089	3	0	2	1	1102 1807 	1875 
1838	1127	3	0	2	2	1809 1784 	1861 1862 
1841	1139	3	0	2	2	1810 1787 	1851 1863 
1844	1346	10	0	1	1	1812 	1865 
1845	1347	10	0	1	1	1812 	1864 
1846	1359	10	0	1	1	1815 	1856 
1847	1399	10	0	1	1	1818 	1857 
1848	278	3	0	2	1	1449 1822 	1878 
1849	281	3	0	2	1	1450 1824 	1879 
1850	326	3	0	2	1	1795 1825 	1898 
1851	1140	10	0	1	1	1841 	1882 
1852	365	3	0	2	1	1343 1827 	1884 
1853	402	10	0	1	1	1830 	1902 
1854	403	10	0	1	1	1830 	1889 
1855	413	3	0	2	1	1833 1707 	1913 
1856	1361	9	0	1	1	1846 	1885 
1857	1401	9	0	1	1	1847 	2853 
1858	445	3	0	2	2	1829 480 	1887 1888 
1861	1128	10	0	1	1	1838 	1896 
1862	1129	10	0	1	1	1838 	1895 
1863	1141	10	0	1	1	1841 	1883 
1864	1349	9	0	1	1	1845 	1897 
1865	1350	3	0	2	1	1844 1728 	1933 
1866	1389	8	0	1	2	1828 	1886 1901 
1869	1493	8	0	1	2	1835 	1893 1905 
1872	1501	8	0	1	2	1836 	1892 1906 
1875	1689	3	0	2	2	1808 1837 	1894 1907 
1878	279	3	0	2	1	1821 1848 	1910 
1879	282	3	0	2	2	1823 1849 	1908 1909 
1882	346	3	0	2	1	1851 1768 	1936 
1883	1143	9	0	1	1	1863 	1911 
1884	366	3	0	2	1	1826 1852 	1912 
1885	414	3	0	2	1	1673 1856 	1913 
1886	1390	10	0	1	1	1866 	2868 
1887	446	10	0	1	1	1858 	1927 
1888	447	10	0	1	1	1858 	1930 
1889	453	3	0	2	2	1854 482 	1917 1918 
1892	1502	10	0	1	1	1872 	1919 
1893	1494	10	0	1	1	1869 	1921 
1894	1690	10	0	1	1	1875 	2036 
1895	1131	9	0	1	1	1862 	1924 
1896	1132	3	0	2	1	1861 1785 	1961 
1897	1351	3	0	2	1	1690 1864 	1933 
1898	1365	9	0	1	2	1850 	1914 1925 
1901	1391	10	0	1	1	1866 	1915 
1902	1405	8	0	1	2	1853 	1916 1926 
1905	1495	10	0	1	1	1869 	1922 
1906	1503	10	0	1	1	1872 	1920 
1907	1691	10	0	1	1	1875 	1923 
1908	283	10	0	1	1	1879 	1958 
1909	284	10	0	1	1	1879 	1944 
1910	285	9	0	1	1	1878 	1965 
1911	347	3	0	2	1	1739 1883 	1936 
1912	367	9	0	1	1	1884 	1968 
1913	415	3	0	2	1	1855 1885 	1947 
1914	1366	10	0	1	1	1898 	2020 
1915	1393	9	0	1	1	1901 	2852 
1916	1406	10	0	1	1	1902 	2870 
1917	454	10	0	1	1	1889 	1950 
1918	455	10	0	1	1	1889 	1953 
1919	556	3	0	2	1	1892 919 	1979 
1920	1505	9	0	1	1	1906 	1941 
1921	559	3	0	2	1	1893 920 	1980 
1922	1497	9	0	1	1	1905 	1942 
1923	1693	9	0	1	1	1907 	2014 
1924	1133	3	0	2	1	1755 1895 	1961 
1925	1367	10	0	1	1	1898 	1937 
1926	1407	10	0	1	1	1902 	1938 
1927	1477	8	0	1	2	1887 	1940 1956 
1930	1485	8	0	1	2	1888 	1939 1957 
1933	1809	3	0	2	2	1865 1897 	1943 1964 
1936	348	3	0	2	1	1882 1911 	1987 
1937	1369	9	0	1	1	1925 	2000 
1938	1409	9	0	1	1	1926 	2854 
1939	1486	10	0	1	1	1930 	1975 
1940	1478	10	0	1	1	1927 	1977 
1941	557	3	0	2	1	807 1920 	1979 
1942	560	3	0	2	1	808 1922 	1980 
1943	1810	10	0	1	1	1933 	2875 
1944	1362	8	0	1	2	1909 	1971 1986 
1947	1378	9	0	1	2	1913 	1972 1990 
1950	1429	8	0	1	2	1917 	1974 1991 
1953	1437	8	0	1	2	1918 	1973 1992 
1956	1479	10	0	1	1	1927 	1978 
1957	1487	10	0	1	1	1930 	1976 
1958	1686	8	0	1	2	1908 	1983 1995 
1961	1774	3	0	2	2	1896 1924 	1984 1996 
1964	1811	10	0	1	1	1933 	1985 
1965	1910	2	0	2	2	1910 601 	1993 1997 
1968	1918	2	0	2	2	602 1912 	1994 1998 
1971	1364	10	0	1	1	1944 	2000 
1972	1380	10	0	1	1	1947 	2003 
1973	1438	10	0	1	1	1953 	2004 
1974	1430	10	0	1	1	1950 	2006 
1975	544	3	0	2	1	1939 917 	2026 
1976	1489	9	0	1	1	1957 	2008 
1977	547	3	0	2	1	1940 918 	2027 
1978	1481	9	0	1	1	1956 	2009 
1979	558	3	0	2	1	1919 1941 	2012 
1980	561	3	0	2	2	1921 1942 	2010 2011 
1983	1688	10	0	1	1	1958 	2014 
1984	1776	10	0	1	1	1961 	2016 
1985	1813	9	0	1	1	1964 	2863 
1986	1363	10	0	1	1	1944 	1999 
1987	1370	9	0	1	2	1936 	2001 2017 
1990	1379	10	0	1	1	1947 	2002 
1991	1431	10	0	1	1	1950 	2007 
1992	1439	10	0	1	1	1953 	2005 
1993	1912	10	0	1	1	1965 	2827 
1994	1920	10	0	1	1	1968 	2828 
1995	1687	10	0	1	1	1958 	2013 
1996	1775	10	0	1	1	1961 	2015 
1997	1911	10	0	1	1	1965 	2018 
1998	1919	10	0	1	1	1968 	2019 
1999	1368	9	0	1	1	1986 	2020 
2000	417	3	0	2	1	1971 1937 	2038 
2001	1372	10	0	1	1	1987 	2022 
2002	1384	9	0	1	1	1990 	2023 
2003	424	3	0	2	1	1972 1499 	2040 
2004	508	3	0	2	1	1973 1350 	2041 
2005	1441	9	0	1	1	1992 	2024 
2006	511	3	0	2	1	1974 1351 	2042 
2007	1433	9	0	1	1	1991 	2025 
2008	545	3	0	2	1	805 1976 	2026 
2009	548	3	0	2	1	806 1978 	2027 
2010	562	10	0	1	1	1980 	2030 
2011	563	10	0	1	1	1980 	2033 
2012	564	9	0	1	1	1979 	2279 
2013	1692	9	0	1	1	1995 	2036 
2014	1024	3	0	2	1	1983 1923 	2052 
2015	1780	9	0	1	1	1996 	2037 
2016	1148	3	0	2	1	1984 1635 	2055 
2017	1371	10	0	1	1	1987 	2021 
2018	1916	9	0	1	1	1997 	2807 
2019	1924	9	0	1	1	1998 	2809 
2020	416	3	0	2	1	1914 1999 	2038 
2021	1376	9	0	1	1	2017 	2039 
2022	421	3	0	2	1	2001 1591 	2061 
2023	423	3	0	2	1	1465 2002 	2040 
2024	509	3	0	2	1	1271 2005 	2041 
2025	512	3	0	2	1	1272 2007 	2042 
2026	546	3	0	2	1	1975 2008 	2047 
2027	549	3	0	2	2	1977 2009 	2045 2046 
2030	719	9	0	1	2	2010 	2048 2049 
2033	722	8	0	1	2	2011 	2050 2051 
2036	1023	3	0	2	1	1894 2013 	2052 
2037	1147	3	0	2	1	1592 2015 	2055 
2038	418	3	0	2	1	2020 2000 	2060 
2039	420	3	0	2	1	1564 2021 	2061 
2040	425	3	0	2	1	2023 2003 	2062 
2041	510	3	0	2	1	2004 2024 	2067 
2042	513	3	0	2	2	2006 2025 	2065 2066 
2045	550	10	0	1	1	2027 	2068 
2046	551	10	0	1	1	2027 	2071 
2047	552	9	0	1	1	2026 	2279 
2048	720	10	0	1	1	2030 	2104 
2049	721	10	0	1	1	2030 	2129 
2050	723	10	0	1	1	2033 	2119 
2051	724	10	0	1	1	2033 	2143 
2052	1025	3	0	2	2	2036 2014 	2058 2074 
2055	1149	3	0	2	2	2037 2016 	2059 2075 
2058	1026	10	0	1	1	2052 	2866 
2059	1150	10	0	1	1	2055 	2867 
2060	419	9	0	1	1	2038 	2078 
2061	422	3	0	2	1	2039 2022 	2081 
2062	441	3	0	2	2	2040 479 	2084 2085 
2065	514	10	0	1	1	2042 	2086 
2066	515	10	0	1	1	2042 	2089 
2067	516	9	0	1	1	2041 	2279 
2068	725	9	0	1	2	2045 	2092 2093 
2071	728	8	0	1	2	2046 	2094 2095 
2074	1027	10	0	1	1	2052 	2076 
2075	1151	10	0	1	1	2055 	2077 
2076	1029	9	0	1	1	2074 	2850 
2077	1153	9	0	1	1	2075 	2851 
2078	433	3	0	2	2	2060 477 	2096 2097 
2081	437	3	0	2	2	2061 478 	2098 2099 
2084	442	10	0	1	1	2062 	2148 
2085	443	10	0	1	1	2062 	2151 
2086	663	9	0	1	2	2065 	2100 2101 
2089	666	8	0	1	2	2066 	2102 2103 
2092	726	10	0	1	1	2068 	2104 
2093	727	10	0	1	1	2068 	2119 
2094	729	10	0	1	1	2071 	2129 
2095	730	10	0	1	1	2071 	2143 
2096	434	10	0	1	1	2078 	2196 
2097	435	10	0	1	1	2078 	2199 
2098	438	10	0	1	1	2081 	2202 
2099	439	10	0	1	1	2081 	2205 
2100	664	10	0	1	1	2086 	2340 
2101	665	10	0	1	1	2086 	2361 
2102	667	10	0	1	1	2089 	2353 
2103	668	10	0	1	1	2089 	2375 
2104	731	2	0	2	14	2048 2092 	2156 2157 2158 2159 2160 2161 2162 2163 2164 2165 2166 2167 2168 2169 
2119	746	2	0	2	9	2050 2093 	2170 2171 2172 2173 2174 2175 2176 2177 2178 
2129	756	2	0	2	13	2049 2094 	2179 2180 2181 2182 2183 2184 2185 2186 2187 2188 2189 2190 2191 
2143	770	2	0	2	4	2051 2095 	2192 2193 2194 2195 
2148	1461	8	0	1	2	2084 	2155 2208 
2151	1469	8	0	1	2	2085 	2154 2209 
2154	1470	10	0	1	1	2151 	2214 
2155	1462	10	0	1	1	2148 	2216 
2156	732	10	0	1	1	2104 	2558 
2157	733	10	0	1	1	2104 	2537 
2158	734	10	0	1	1	2104 	2567 
2159	735	10	0	1	1	2104 	2546 
2160	736	10	0	1	1	2104 	2645 
2161	737	10	0	1	1	2104 	2600 
2162	738	10	0	1	1	2104 	2661 
2163	739	10	0	1	1	2104 	2617 
2164	740	10	0	1	1	2104 	2627 
2165	741	10	0	1	1	2104 	2628 
2166	742	10	0	1	1	2104 	2629 
2167	743	10	0	1	1	2104 	2632 
2168	744	10	0	1	1	2104 	2633 
2169	745	10	0	1	1	2104 	2634 
2170	747	10	0	1	1	2119 	2564 
2171	748	10	0	1	1	2119 	2543 
2172	749	10	0	1	1	2119 	2642 
2173	750	10	0	1	1	2119 	2597 
2174	751	10	0	1	1	2119 	2570 
2175	752	10	0	1	1	2119 	2549 
2176	753	10	0	1	1	2119 	2658 
2177	754	10	0	1	1	2119 	2614 
2178	755	10	0	1	1	2119 	2631 
2179	757	10	0	1	1	2129 	2561 
2180	758	10	0	1	1	2129 	2540 
2181	759	10	0	1	1	2129 	2639 
2182	760	10	0	1	1	2129 	2594 
2183	761	10	0	1	1	2129 	2651 
2184	762	10	0	1	1	2129 	2606 
2185	763	10	0	1	1	2129 	2655 
2186	764	10	0	1	1	2129 	2611 
2187	765	10	0	1	1	2129 	2664 
2188	766	10	0	1	1	2129 	2620 
2189	767	10	0	1	1	2129 	2576 
2190	768	10	0	1	1	2129 	2555 
2191	769	10	0	1	1	2129 	2630 
2192	771	10	0	1	1	2143 	2648 
2193	772	10	0	1	1	2143 	2603 
2194	773	10	0	1	1	2143 	2573 
2195	774	10	0	1	1	2143 	2552 
2196	1413	8	0	1	2	2096 	2211 2218 
2199	1421	8	0	1	2	2097 	2210 2219 
2202	1445	8	0	1	2	2098 	2213 2220 
2205	1453	8	0	1	2	2099 	2212 2221 
2208	1463	10	0	1	1	2148 	2217 
2209	1471	10	0	1	1	2151 	2215 
2210	1422	10	0	1	1	2199 	2222 
2211	1414	10	0	1	1	2196 	2224 
2212	1454	10	0	1	1	2205 	2226 
2213	1446	10	0	1	1	2202 	2228 
2214	532	3	0	2	1	2154 915 	2236 
2215	1473	9	0	1	1	2209 	2230 
2216	535	3	0	2	1	2155 916 	2237 
2217	1465	9	0	1	1	2208 	2231 
2218	1415	10	0	1	1	2196 	2225 
2219	1423	10	0	1	1	2199 	2223 
2220	1447	10	0	1	1	2202 	2229 
2221	1455	10	0	1	1	2205 	2227 
2222	495	3	0	2	1	2210 1348 	2240 
2223	1425	9	0	1	1	2219 	2232 
2224	498	3	0	2	1	2211 1349 	2241 
2225	1417	9	0	1	1	2218 	2233 
2226	520	3	0	2	1	2212 913 	2244 
2227	1457	9	0	1	1	2221 	2234 
2228	523	3	0	2	1	2213 914 	2245 
2229	1449	9	0	1	1	2220 	2235 
2230	533	3	0	2	1	803 2215 	2236 
2231	536	3	0	2	1	804 2217 	2237 
2232	496	3	0	2	1	1269 2223 	2240 
2233	499	3	0	2	1	1270 2225 	2241 
2234	521	3	0	2	1	801 2227 	2244 
2235	524	3	0	2	1	802 2229 	2245 
2236	534	3	0	2	1	2214 2230 	2250 
2237	537	3	0	2	2	2216 2231 	2248 2249 
2240	497	3	0	2	1	2222 2232 	2253 
2241	500	3	0	2	2	2224 2233 	2251 2252 
2244	522	3	0	2	1	2226 2234 	2256 
2245	525	3	0	2	2	2228 2235 	2254 2255 
2248	538	10	0	1	1	2237 	2257 
2249	539	10	0	1	1	2237 	2260 
2250	540	9	0	1	1	2236 	2279 
2251	501	10	0	1	1	2241 	2263 
2252	502	10	0	1	1	2241 	2266 
2253	503	9	0	1	1	2240 	2279 
2254	526	10	0	1	1	2245 	2269 
2255	527	10	0	1	1	2245 	2272 
2256	528	9	0	1	1	2244 	2279 
2257	669	9	0	1	2	2248 	2275 2276 
2260	672	8	0	1	2	2249 	2277 2278 
2263	569	9	0	1	2	2251 	2284 2285 
2266	588	2	0	2	2	1274 2252 	2267 2268 
2267	2f1588	10	0	1	1	2266 	2286 
2268	2588	10	0	1	1	2266 	2297 
2269	618	9	0	1	2	2254 	2313 2314 
2272	639	2	0	2	2	1276 2255 	2273 2274 
2273	1f639	10	0	1	1	2272 	2315 
2274	2f639	10	0	1	1	2272 	2326 
2275	670	10	0	1	1	2257 	2340 
2276	671	10	0	1	1	2257 	2353 
2277	673	10	0	1	1	2260 	2361 
2278	674	10	0	1	1	2260 	2375 
2279	867	3	0	8	2	2067 2012 2047 2250 1071 2256 2253 1074 	2282 2283 
2282	868	10	0	1	1	2279 	2384 
2283	869	10	0	1	1	2279 	2800 
2284	570	10	0	1	1	2263 	2385 
2285	571	10	0	1	1	2263 	2386 
2286	588a	8	0	1	10	2267 	2401 2402 2403 2404 2405 2406 2407 2408 2409 2410 
2297	588b	8	0	1	15	2268 	2411 2412 2413 2414 2415 2416 2417 2418 2419 2420 2421 2422 2423 2424 2425 
2313	619	10	0	1	1	2269 	2426 
2314	620	10	0	1	1	2269 	2427 
2315	639a	8	0	1	10	2273 	2444 2445 2446 2447 2448 2449 2450 2451 2452 2453 
2326	639b	8	0	1	13	2274 	2454 2455 2456 2457 2458 2459 2460 2461 2462 2463 2464 2465 2466 
2340	675	2	0	2	12	2100 2275 	2467 2468 2469 2470 2471 2472 2473 2474 2475 2476 2477 2478 
2353	688	2	0	2	7	2102 2276 	2479 2480 2481 2482 2483 2484 2485 
2361	696	2	0	2	13	2101 2277 	2486 2487 2488 2489 2490 2491 2492 2493 2494 2495 2496 2497 2498 
2375	710	2	0	2	8	2103 2278 	2499 2500 2501 2502 2503 2504 2505 2506 
2384	73	2	0	4	1	419 2282 420 421 	2811 
2385	572	2	0	2	1	1163 2284 	2634 
2386	573	2	0	2	14	1273 2285 	2507 2508 2509 2510 2511 2512 2513 2514 2515 2516 2517 2518 2519 2520 
2401	589	10	0	1	1	2286 	2558 
2402	590	10	0	1	1	2286 	2537 
2403	591	10	0	1	1	2286 	2561 
2404	592	10	0	1	1	2286 	2540 
2405	593	10	0	1	1	2286 	2564 
2406	594	10	0	1	1	2286 	2543 
2407	595	10	0	1	1	2286 	2567 
2408	596	10	0	1	1	2286 	2546 
2409	597	10	0	1	1	2286 	2639 
2410	598	10	0	1	1	2286 	2594 
2411	599	10	0	1	1	2297 	2642 
2412	600	10	0	1	1	2297 	2597 
2413	601	10	0	1	1	2297 	2645 
2414	602	10	0	1	1	2297 	2600 
2415	603	10	0	1	1	2297 	2648 
2416	604	10	0	1	1	2297 	2603 
2417	605	10	0	1	1	2297 	2651 
2418	606	10	0	1	1	2297 	2606 
2419	607	10	0	1	1	2297 	2570 
2420	608	10	0	1	1	2297 	2549 
2421	609	10	0	1	1	2297 	2573 
2422	610	10	0	1	1	2297 	2552 
2423	611	10	0	1	1	2297 	2576 
2424	612	10	0	1	1	2297 	2555 
2425	613	10	0	1	1	2297 	2627 
2426	621	2	0	2	1	1167 2313 	2633 
2427	622	2	0	2	16	1275 2314 	2521 2522 2523 2524 2525 2526 2527 2528 2529 2530 2531 2532 2533 2534 2535 2536 
2444	640	10	0	1	1	2315 	2558 
2445	641	10	0	1	1	2315 	2537 
2446	642	10	0	1	1	2315 	2561 
2447	643	10	0	1	1	2315 	2540 
2448	644	10	0	1	1	2315 	2564 
2449	645	10	0	1	1	2315 	2543 
2450	646	10	0	1	1	2315 	2567 
2451	647	10	0	1	1	2315 	2546 
2452	648	10	0	1	1	2315 	2570 
2453	649	10	0	1	1	2315 	2549 
2454	650	10	0	1	1	2326 	2655 
2455	651	10	0	1	1	2326 	2611 
2456	652	10	0	1	1	2326 	2658 
2457	653	10	0	1	1	2326 	2614 
2458	654	10	0	1	1	2326 	2661 
2459	655	10	0	1	1	2326 	2617 
2460	656	10	0	1	1	2326 	2664 
2461	657	10	0	1	1	2326 	2620 
2462	658	10	0	1	1	2326 	2573 
2463	659	10	0	1	1	2326 	2552 
2464	660	10	0	1	1	2326 	2576 
2465	661	10	0	1	1	2326 	2555 
2466	662	10	0	1	1	2326 	2628 
2467	676	10	0	1	1	2340 	2561 
2468	677	10	0	1	1	2340 	2540 
2469	678	10	0	1	1	2340 	2564 
2470	679	10	0	1	1	2340 	2543 
2471	680	10	0	1	1	2340 	2648 
2472	681	10	0	1	1	2340 	2603 
2473	682	10	0	1	1	2340 	2627 
2474	683	10	0	1	1	2340 	2628 
2475	684	10	0	1	1	2340 	2630 
2476	685	10	0	1	1	2340 	2631 
2477	686	10	0	1	1	2340 	2633 
2478	687	10	0	1	1	2340 	2634 
2479	689	10	0	1	1	2353 	2567 
2480	690	10	0	1	1	2353 	2546 
2481	691	10	0	1	1	2353 	2651 
2482	692	10	0	1	1	2353 	2606 
2483	693	10	0	1	1	2353 	2664 
2484	694	10	0	1	1	2353 	2620 
2485	695	10	0	1	1	2353 	2632 
2486	697	10	0	1	1	2361 	2558 
2487	698	10	0	1	1	2361 	2537 
2488	699	10	0	1	1	2361 	2639 
2489	700	10	0	1	1	2361 	2594 
2490	701	10	0	1	1	2361 	2642 
2491	702	10	0	1	1	2361 	2597 
2492	703	10	0	1	1	2361 	2655 
2493	704	10	0	1	1	2361 	2611 
2494	705	10	0	1	1	2361 	2658 
2495	706	10	0	1	1	2361 	2614 
2496	707	10	0	1	1	2361 	2573 
2497	708	10	0	1	1	2361 	2552 
2498	709	10	0	1	1	2361 	2629 
2499	711	10	0	1	1	2375 	2645 
2500	712	10	0	1	1	2375 	2600 
2501	713	10	0	1	1	2375 	2570 
2502	714	10	0	1	1	2375 	2549 
2503	715	10	0	1	1	2375 	2661 
2504	716	10	0	1	1	2375 	2617 
2505	717	10	0	1	1	2375 	2576 
2506	718	10	0	1	1	2375 	2555 
2507	574	10	0	1	1	2386 	2655 
2508	575	10	0	1	1	2386 	2611 
2509	576	10	0	1	1	2386 	2658 
2510	577	10	0	1	1	2386 	2614 
2511	578	10	0	1	1	2386 	2661 
2512	579	10	0	1	1	2386 	2617 
2513	580	10	0	1	1	2386 	2664 
2514	581	10	0	1	1	2386 	2620 
2515	582	10	0	1	1	2386 	2628 
2516	583	10	0	1	1	2386 	2629 
2517	584	10	0	1	1	2386 	2630 
2518	585	10	0	1	1	2386 	2631 
2519	586	10	0	1	1	2386 	2632 
2520	587	10	0	1	1	2386 	2633 
2521	623	10	0	1	1	2427 	2639 
2522	624	10	0	1	1	2427 	2594 
2523	625	10	0	1	1	2427 	2642 
2524	626	10	0	1	1	2427 	2597 
2525	627	10	0	1	1	2427 	2645 
2526	628	10	0	1	1	2427 	2600 
2527	629	10	0	1	1	2427 	2648 
2528	630	10	0	1	1	2427 	2603 
2529	631	10	0	1	1	2427 	2651 
2530	632	10	0	1	1	2427 	2606 
2531	633	10	0	1	1	2427 	2627 
2532	634	10	0	1	1	2427 	2629 
2533	635	10	0	1	1	2427 	2630 
2534	636	10	0	1	1	2427 	2631 
2535	637	10	0	1	1	2427 	2632 
2536	638	10	0	1	1	2427 	2634 
2537	776	3	0	5	2	2402 2445 2487 2157 1277 	2586 2587 
2540	780	3	0	5	2	2404 2447 2468 2180 1278 	2588 2589 
2543	784	3	0	5	2	2406 2449 2470 2171 1279 	2590 2591 
2546	788	3	0	5	2	2408 2451 2480 2159 1280 	2592 2593 
2549	812	3	0	5	2	2420 2453 2502 2175 1286 	2609 2610 
2552	832	3	0	5	2	2422 2463 2497 2195 1291 	2623 2624 
2555	836	3	0	5	2	2424 2465 2506 2190 1292 	2625 2626 
2558	1509	2	0	5	2	2401 2444 2486 2156 1293 	2579 2635 
2561	1517	2	0	5	2	2403 2446 2467 2179 1294 	2580 2636 
2564	1525	2	0	5	2	2405 2448 2469 2170 1295 	2581 2637 
2567	1533	2	0	5	2	2407 2450 2479 2158 1296 	2582 2638 
2570	1581	2	0	5	2	2419 2452 2501 2174 1302 	2583 2654 
2573	1621	2	0	5	2	2421 2462 2496 2194 1307 	2584 2667 
2576	1629	2	0	5	2	2423 2464 2505 2189 1308 	2585 2668 
2579	1510	10	0	1	1	2558 	2669 
2580	1518	10	0	1	1	2561 	2671 
2581	1526	10	0	1	1	2564 	2673 
2582	1534	10	0	1	1	2567 	2675 
2583	1582	10	0	1	1	2570 	2682 
2584	1622	10	0	1	1	2573 	2688 
2585	1630	10	0	1	1	2576 	2690 
2586	777	10	0	1	1	2537 	2747 
2587	778	10	0	1	1	2537 	2745 
2588	781	10	0	1	1	2540 	2747 
2589	782	10	0	1	1	2540 	2745 
2590	785	10	0	1	1	2543 	2747 
2591	786	10	0	1	1	2543 	2745 
2592	789	10	0	1	1	2546 	2747 
2593	790	10	0	1	1	2546 	2745 
2594	792	3	0	5	2	2410 2522 2489 2182 1281 	2692 2693 
2597	796	3	0	5	2	2412 2524 2491 2173 1282 	2694 2695 
2600	800	3	0	5	2	2414 2526 2500 2161 1283 	2696 2697 
2603	804	3	0	5	2	2416 2528 2472 2193 1284 	2698 2699 
2606	808	3	0	5	2	2418 2530 2482 2184 1285 	2700 2701 
2609	813	10	0	1	1	2549 	2750 
2610	814	10	0	1	1	2549 	2746 
2611	816	3	0	5	2	2508 2455 2493 2186 1287 	2702 2703 
2614	820	3	0	5	2	2510 2457 2495 2177 1288 	2704 2705 
2617	824	3	0	5	2	2512 2459 2504 2163 1289 	2706 2707 
2620	828	3	0	5	2	2514 2461 2484 2188 1290 	2708 2709 
2623	833	10	0	1	1	2552 	2750 
2624	834	10	0	1	1	2552 	2746 
2625	837	10	0	1	1	2555 	2750 
2626	838	10	0	1	1	2555 	2746 
2627	871	3	0	5	1	2425 2531 2473 2164 1079 	2710 
2628	873	3	0	5	1	2515 2466 2474 2165 1080 	2710 
2629	875	3	0	5	1	2516 2532 2498 2166 1081 	2710 
2630	877	3	0	5	1	2517 2533 2475 2191 1082 	2710 
2631	879	3	0	5	1	2518 2534 2476 2178 1083 	2710 
2632	881	3	0	5	1	2519 2535 2485 2167 1084 	2710 
2633	883	3	0	5	1	2520 2426 2477 2168 1085 	2710 
2634	885	3	0	5	1	2385 2536 2478 2169 1086 	2710 
2635	1511	10	0	1	1	2558 	2670 
2636	1519	10	0	1	1	2561 	2672 
2637	1527	10	0	1	1	2564 	2674 
2638	1535	10	0	1	1	2567 	2676 
2639	1541	2	0	5	2	2409 2521 2488 2181 1297 	2677 2711 
2642	1549	2	0	5	2	2411 2523 2490 2172 1298 	2678 2712 
2645	1557	2	0	5	2	2413 2525 2499 2160 1299 	2679 2713 
2648	1565	2	0	5	2	2415 2527 2471 2192 1300 	2680 2714 
2651	1573	2	0	5	2	2417 2529 2481 2183 1301 	2681 2715 
2654	1583	10	0	1	1	2570 	2683 
2655	1589	2	0	5	2	2507 2454 2492 2185 1303 	2684 2716 
2658	1597	2	0	5	2	2509 2456 2494 2176 1304 	2685 2717 
2661	1605	2	0	5	2	2511 2458 2503 2162 1305 	2686 2718 
2664	1613	2	0	5	2	2513 2460 2483 2187 1306 	2687 2719 
2667	1623	10	0	1	1	2573 	2689 
2668	1631	10	0	1	1	2576 	2691 
2669	1	3	0	2	1	2579 534 	2753 
2670	1513	9	0	1	1	2635 	2720 
2671	4	3	0	2	1	2580 535 	2754 
2672	1521	9	0	1	1	2636 	2721 
2673	7	3	0	2	1	2581 536 	2755 
2674	1529	9	0	1	1	2637 	2722 
2675	10	3	0	2	1	2582 537 	2756 
2676	1537	9	0	1	1	2638 	2723 
2677	1542	10	0	1	1	2639 	2724 
2678	1550	10	0	1	1	2642 	2726 
2679	1558	10	0	1	1	2645 	2728 
2680	1566	10	0	1	1	2648 	2730 
2681	1574	10	0	1	1	2651 	2732 
2682	28	3	0	2	1	2583 543 	2762 
2683	1585	9	0	1	1	2654 	2734 
2684	1590	10	0	1	1	2655 	2735 
2685	1598	10	0	1	1	2658 	2737 
2686	1606	10	0	1	1	2661 	2739 
2687	1614	10	0	1	1	2664 	2741 
2688	43	3	0	2	1	2584 548 	2767 
2689	1625	9	0	1	1	2667 	2743 
2690	46	3	0	2	1	2585 549 	2768 
2691	1633	9	0	1	1	2668 	2744 
2692	793	10	0	1	1	2594 	2747 
2693	794	10	0	1	1	2594 	2745 
2694	797	10	0	1	1	2597 	2747 
2695	798	10	0	1	1	2597 	2745 
2696	801	10	0	1	1	2600 	2747 
2697	802	10	0	1	1	2600 	2745 
2698	805	10	0	1	1	2603 	2747 
2699	806	10	0	1	1	2603 	2745 
2700	809	10	0	1	1	2606 	2750 
2701	810	10	0	1	1	2606 	2746 
2702	817	10	0	1	1	2611 	2750 
2703	818	10	0	1	1	2611 	2746 
2704	821	10	0	1	1	2614 	2750 
2705	822	10	0	1	1	2614 	2746 
2706	825	10	0	1	1	2617 	2750 
2707	826	10	0	1	1	2617 	2746 
2708	829	10	0	1	1	2620 	2750 
2709	830	10	0	1	1	2620 	2746 
2710	886	2	0	8	1	2627 2628 2629 2630 2631 2632 2633 2634 	2788 
2711	1543	10	0	1	1	2639 	2725 
2712	1551	10	0	1	1	2642 	2727 
2713	1559	10	0	1	1	2645 	2729 
2714	1567	10	0	1	1	2648 	2731 
2715	1575	10	0	1	1	2651 	2733 
2716	1591	10	0	1	1	2655 	2736 
2717	1599	10	0	1	1	2658 	2738 
2718	1607	10	0	1	1	2661 	2740 
2719	1615	10	0	1	1	2664 	2742 
2720	2	3	0	2	1	391 2670 	2753 
2721	5	3	0	2	1	392 2672 	2754 
2722	8	3	0	2	1	393 2674 	2755 
2723	11	3	0	2	1	394 2676 	2756 
2724	13	3	0	2	1	2677 538 	2779 
2725	1545	9	0	1	1	2711 	2757 
2726	16	3	0	2	1	2678 539 	2780 
2727	1553	9	0	1	1	2712 	2758 
2728	19	3	0	2	1	2679 540 	2781 
2729	1561	9	0	1	1	2713 	2759 
2730	22	3	0	2	1	2680 541 	2782 
2731	1569	9	0	1	1	2714 	2760 
2732	25	3	0	2	1	2681 542 	2783 
2733	1577	9	0	1	1	2715 	2761 
2734	29	3	0	2	1	400 2683 	2762 
2735	31	3	0	2	1	2684 544 	2784 
2736	1593	9	0	1	1	2716 	2763 
2737	34	3	0	2	1	2685 545 	2785 
2738	1601	9	0	1	1	2717 	2764 
2739	37	3	0	2	1	2686 546 	2786 
2740	1609	9	0	1	1	2718 	2765 
2741	40	3	0	2	1	2687 547 	2787 
2742	1617	9	0	1	1	2719 	2766 
2743	44	3	0	2	1	405 2689 	2767 
2744	47	3	0	2	1	406 2691 	2768 
2745	857	3	0	8	1	2587 2589 2591 2593 2693 2695 2697 2699 	2773 
2746	860	3	0	8	1	2701 2610 2703 2705 2707 2709 2624 2626 	2776 
2747	863	2	0	8	2	2586 2588 2590 2592 2692 2694 2696 2698 	2769 2771 
2750	865	2	0	8	2	2700 2609 2702 2704 2706 2708 2623 2625 	2770 2772 
2753	3	3	1	2	0	2669 2720 	
2754	6	3	1	2	0	2671 2721 	
2755	9	3	1	2	0	2673 2722 	
2756	12	3	1	2	0	2675 2723 	
2757	14	3	0	2	1	395 2725 	2779 
2758	17	3	0	2	1	396 2727 	2780 
2759	20	3	0	2	1	397 2729 	2781 
2760	23	3	0	2	1	398 2731 	2782 
2761	26	3	0	2	1	399 2733 	2783 
2762	30	3	1	2	0	2682 2734 	
2763	32	3	0	2	1	401 2736 	2784 
2764	35	3	0	2	1	402 2738 	2785 
2765	38	3	0	2	1	403 2740 	2786 
2766	41	3	0	2	1	404 2742 	2787 
2767	45	3	1	2	0	2688 2743 	
2768	48	3	1	2	0	2690 2744 	
2769	460	10	0	1	1	2747 	2789 
2770	461	10	0	1	1	2750 	2789 
2771	864	10	0	1	1	2747 	2788 
2772	866	10	0	1	1	2750 	2788 
2773	1913	2	0	2	2	2745 275 	2796 2798 
2776	1921	2	0	2	2	2746 276 	2797 2799 
2779	15	3	1	2	0	2724 2757 	
2780	18	3	1	2	0	2726 2758 	
2781	21	3	1	2	0	2728 2759 	
2782	24	3	1	2	0	2730 2760 	
2783	27	3	1	2	0	2732 2761 	
2784	33	3	1	2	0	2735 2763 	
2785	36	3	1	2	0	2737 2764 	
2786	39	3	1	2	0	2739 2765 	
2787	42	3	1	2	0	2741 2766 	
2788	887	2	0	3	1	2771 2772 2710 	2800 
2789	462	3	0	2	6	2769 2770 	2801 2802 2803 2804 2805 2806 
2796	1914	10	0	1	1	2773 	2807 
2797	1922	10	0	1	1	2776 	2809 
2798	1915	10	0	1	1	2773 	2808 
2799	1923	10	0	1	1	2776 	2810 
2800	74	2	0	4	1	422 2283 112 2788 	2811 
2801	463	10	0	1	1	2789 	2812 
2802	464	10	0	1	1	2789 	2815 
2803	465	10	0	1	1	2789 	2829 
2804	466	10	0	1	1	2789 	2818 
2805	467	10	0	1	1	2789 	2821 
2806	468	10	0	1	1	2789 	2824 
2807	1637	3	0	2	1	2796 2018 	2843 
2808	1917	9	0	1	1	2798 	2827 
2809	1647	3	0	2	1	2797 2019 	2846 
2810	1925	9	0	1	1	2799 	2828 
2811	75	5	1	2	0	2384 2800 	
2812	1020	2	0	3	2	897 497 2801 	2832 2837 
2815	1144	2	0	3	2	166 498 2802 	2833 2838 
2818	1386	2	0	3	2	170 500 2804 	2834 2840 
2821	1394	2	0	3	2	172 501 2805 	2835 2841 
2824	1402	2	0	3	2	898 502 2806 	2836 2842 
2827	1638	3	0	2	1	1993 2808 	2843 
2828	1648	3	0	2	1	1994 2810 	2846 
2829	1806	2	0	3	2	168 499 2803 	2839 2849 
2832	1022	10	0	1	1	2812 	2850 
2833	1146	10	0	1	1	2815 	2851 
2834	1388	10	0	1	1	2818 	2852 
2835	1396	10	0	1	1	2821 	2853 
2836	1404	10	0	1	1	2824 	2854 
2837	1021	10	0	1	1	2812 	2857 
2838	1145	10	0	1	1	2815 	2858 
2839	1808	10	0	1	1	2829 	2863 
2840	1387	10	0	1	1	2818 	2859 
2841	1395	10	0	1	1	2821 	2860 
2842	1403	10	0	1	1	2824 	2861 
2843	1639	3	0	2	2	2807 2827 	2855 2864 
2846	1649	3	0	2	2	2809 2828 	2856 2865 
2849	1807	10	0	1	1	2829 	2862 
2850	287	3	0	2	1	2832 2076 	2876 
2851	350	3	0	2	1	2833 2077 	2877 
2852	427	3	0	2	1	2834 1915 	2878 
2853	429	3	0	2	1	2835 1857 	2879 
2854	431	3	0	2	1	2836 1938 	2880 
2855	1640	10	0	1	1	2843 	2871 
2856	1650	10	0	1	1	2846 	2873 
2857	1028	9	0	1	1	2837 	2866 
2858	1152	9	0	1	1	2838 	2867 
2859	1392	9	0	1	1	2840 	2868 
2860	1400	9	0	1	1	2841 	2869 
2861	1408	9	0	1	1	2842 	2870 
2862	1812	9	0	1	1	2849 	2875 
2863	1216	3	0	2	1	2839 1985 	2883 
2864	1641	10	0	1	1	2843 	2872 
2865	1651	10	0	1	1	2846 	2874 
2866	286	3	0	2	1	2058 2857 	2876 
2867	349	3	0	2	1	2059 2858 	2877 
2868	426	3	0	2	1	1886 2859 	2878 
2869	428	3	0	2	1	1834 2860 	2879 
2870	430	3	0	2	1	1916 2861 	2880 
2871	67	3	0	2	1	2855 886 	2891 
2872	1643	9	0	1	1	2864 	2881 
2873	70	3	0	2	1	2856 887 	2892 
2874	1653	9	0	1	1	2865 	2882 
2875	1215	3	0	2	1	1943 2862 	2883 
2876	49	3	0	2	1	2866 2850 	2886 
2877	53	3	0	2	1	2867 2851 	2887 
2878	59	3	0	2	1	2868 2852 	2888 
2879	61	3	0	2	1	2869 2853 	2889 
2880	65	3	0	2	1	2870 2854 	2890 
2881	68	3	0	2	1	754 2872 	2891 
2882	71	3	0	2	1	755 2874 	2892 
2883	1217	3	0	2	2	2875 2863 	2893 2894 
2886	51	2	1	2	0	2876 550 	
2887	54	2	1	2	0	551 2877 	
2888	60	2	1	2	0	553 2878 	
2889	63	2	1	2	0	2879 554 	
2890	66	2	1	2	0	555 2880 	
2891	69	3	1	2	0	2871 2881 	
2892	72	3	1	2	0	2873 2882 	
2893	1218	10	0	1	1	2883 	2895 
2894	1219	10	0	1	1	2883 	2896 
2895	375	3	0	2	1	2893 1461 	2898 
2896	1221	9	0	1	1	2894 	2897 
2897	376	3	0	2	1	1410 2896 	2898 
2898	55	3	0	2	1	2895 2897 	2899 
2899	57	2	1	2	0	2898 552 	
Ord[32]= 0
Ord[30]= 1
Ord[24]= 2
Ord[21]= 3
Ord[1]= 4
Ord[10]= 5
Ord[0]= 6
Ord[13]= 7
Ord[3]= 8
Ord[12]= 9
Ord[15]= 10
Ord[11]= 11
Ord[2]= 12
Ord[14]= 13
Ord[9]= 14
Ord[5]= 15
Ord[6]= 16
Ord[4]= 17
Ord[7]= 18
Ord[8]= 19
Ord[20]= 20
Ord[25]= 21
Ord[16]= 22
Ord[28]= 23
Ord[29]= 24
Ord[26]= 25
Ord[17]= 26
Ord[27]= 27
Ord[18]= 28
Ord[19]= 29
Ord[31]= 30
Ord[23]= 31
Ord[22]= 32
rank is 33

Stnode:4 Stuckat:0 gives PO-Xr:2753 has zeros:26 ones:4 twos:3.
Stnode:4 Stuck: 0 detected by 7340032.00 Ms.

Stnode:4 Stuckat:0 gives PO-Xr:2754 has zeros:28 ones:1 twos:4.
Stnode:4 Stuck: 0 detected by 4287627264.00 Ms.

Stnode:4 Stuckat:0 gives PO-Xr:2755 has zeros:26 ones:5 twos:2.
Stnode:4 Stuck: 0 detected by 4287627264.00 Ms.

Stnode:4 Stuckat:0 gives PO-Xr:2756 has zeros:26 ones:5 twos:2.
Stnode:4 Stuck: 0 detected by 4287627264.00 Ms.

Stnode:4 Stuckat:0 gives PO-Xr:2762 has zeros:24 ones:7 twos:2.
Stnode:4 Stuck: 0 detected by 4287627264.00 Ms.

Stnode:4 Stuckat:0 gives PO-Xr:2767 has zeros:26 ones:5 twos:2.
Stnode:4 Stuck: 0 detected by 4287627264.00 Ms.

Stnode:4 Stuckat:0 gives PO-Xr:2768 has zeros:26 ones:5 twos:2.
Stnode:4 Stuck: 0 detected by 4287627264.00 Ms.

Stnode:4 Stuckat:0 gives PO-Xr:2779 has zeros:25 ones:6 twos:2.
Stnode:4 Stuck: 0 detected by 4287627264.00 Ms.

Stnode:4 Stuckat:0 gives PO-Xr:2780 has zeros:25 ones:6 twos:2.
Stnode:4 Stuck: 0 detected by 4287627264.00 Ms.

Stnode:4 Stuckat:0 gives PO-Xr:2781 has zeros:25 ones:6 twos:2.
Stnode:4 Stuck: 0 detected by 4287627264.00 Ms.

Stnode:4 Stuckat:0 gives PO-Xr:2782 has zeros:25 ones:6 twos:2.
Stnode:4 Stuck: 0 detected by 4287627264.00 Ms.

Stnode:4 Stuckat:0 gives PO-Xr:2783 has zeros:25 ones:6 twos:2.
Stnode:4 Stuck: 0 detected by 4287627264.00 Ms.

Stnode:4 Stuckat:0 gives PO-Xr:2784 has zeros:26 ones:5 twos:2.
Stnode:4 Stuck: 0 detected by 4287627264.00 Ms.

Stnode:4 Stuckat:0 gives PO-Xr:2785 has zeros:24 ones:7 twos:2.
Stnode:4 Stuck: 0 detected by 4287627264.00 Ms.

Stnode:4 Stuckat:0 gives PO-Xr:2786 has zeros:24 ones:7 twos:2.
Stnode:4 Stuck: 0 detected by 4287627264.00 Ms.

Stnode:4 Stuckat:0 gives PO-Xr:2787 has zeros:26 ones:5 twos:2.
Stnode:4 Stuck: 0 detected by 4287627264.00 Ms.

Stnode:4 Stuckat:0 gives PO-Xr:2811 has zeros:28 ones:1 twos:4.
Stnode:4 Stuck: 0 detected by 4287627264.00 Ms.

Stnode:4 Stuckat:0 gives PO-Xr:2886 has zeros:1 ones:1 twos:31.
Stnode:4 Stuck: 0 detected by 4294967296.00 Ms.

Stnode:4 Stuckat:0 gives PO-Xr:2887 has zeros:1 ones:1 twos:31.
Stnode:4 Stuck: 0 detected by 4294967296.00 Ms.

Stnode:4 Stuckat:0 gives PO-Xr:2888 has zeros:1 ones:1 twos:31.
Stnode:4 Stuck: 0 detected by 4294967296.00 Ms.

Stnode:4 Stuckat:0 gives PO-Xr:2889 has zeros:0 ones:0 twos:33.
Stnode:4 Stuck: 0 detected by 4294967296.00 Ms.

Stnode:4 Stuckat:0 gives PO-Xr:2890 has zeros:0 ones:0 twos:33.
Stnode:4 Stuck: 0 detected by 4294967296.00 Ms.

Stnode:4 Stuckat:0 gives PO-Xr:2891 has zeros:28 ones:1 twos:4.
Stnode:4 Stuck: 0 detected by 4294967296.00 Ms.

Stnode:4 Stuckat:0 gives PO-Xr:2892 has zeros:26 ones:5 twos:2.
Stnode:4 Stuck: 0 detected by 4294967296.00 Ms.

Stnode:4 Stuckat:0 gives PO-Xr:2899 has zeros:0 ones:0 twos:33.
Stnode:4 Stuck: 0 detected by 4294967296.00 Ms.

No of Unreferenced Bdds 0
